time	V(6)	V(10)	V(11)	V(vdd)	I(Rz)	Id(M1)
0.000000000000000e+000	2.647771e+001	4.001827e+000	1.964387e-016	1.799927e+001	2.131807e-002	3.932422e-005
1.074218749999023e-004	2.645474e+001	3.877200e+000	3.361970e-003	1.799904e+001	2.126013e-002	3.983367e-005
3.222656249999290e-004	2.640896e+001	3.631284e+000	9.954239e-003	1.799858e+001	2.114470e-002	4.083892e-005
7.222656249998849e-004	2.632432e+001	3.193892e+000	2.157546e-002	1.799772e+001	2.093130e-002	4.262636e-005
1.122265624999841e-003	2.624042e+001	2.801770e+000	3.189797e-002	1.799688e+001	2.071990e-002	4.422790e-005
1.522265624999797e-003	2.615735e+001	2.483393e+000	4.021621e-002	1.799604e+001	2.051081e-002	4.552694e-005
1.922265624999753e-003	2.607505e+001	2.251143e+000	4.626659e-002	1.799522e+001	2.030387e-002	4.647274e-005
2.183707456348882e-003	2.602167e+001	2.154178e+000	4.880263e-002	1.799468e+001	2.016980e-002	4.686596e-005
2.353268504303507e-003	2.598727e+001	2.123893e+000	4.961288e-002	1.799433e+001	2.008351e-002	4.698742e-005
2.563131600431312e-003	2.594492e+001	2.119815e+000	4.976464e-002	1.799391e+001	1.997737e-002	4.700112e-005
2.752787953389291e-003	2.590681e+001	2.139947e+000	4.929459e-002	1.799353e+001	1.988190e-002	4.691602e-005
2.834851907757674e-003	2.589037e+001	2.156937e+000	4.887981e-002	1.799336e+001	1.984076e-002	4.684531e-005
2.879308108050482e-003	2.588149e+001	2.168984e+000	4.858238e-002	1.799327e+001	1.981853e-002	4.679538e-005
2.899638830017315e-003	2.587744e+001	2.175107e+000	4.843063e-002	1.799323e+001	1.980839e-002	4.677003e-005
2.913516738291211e-003	2.587468e+001	2.179522e+000	4.832099e-002	1.799321e+001	1.980149e-002	4.675176e-005
2.925917071399109e-003	2.587222e+001	2.183606e+000	4.821946e-002	1.799318e+001	1.979536e-002	4.673488e-005
2.939390987686252e-003	2.586958e+001	2.188173e+000	4.810581e-002	1.799315e+001	1.978873e-002	4.671599e-005
2.951786207152196e-003	2.586717e+001	2.192493e+000	4.799823e-002	1.799313e+001	1.978272e-002	4.669814e-005
2.964874572235932e-003	2.586469e+001	2.197181e+000	4.788137e-002	1.799310e+001	1.977650e-002	4.667877e-005
2.978635030236543e-003	2.586217e+001	2.202250e+000	4.775493e-002	1.799308e+001	1.977022e-002	4.665784e-005
2.994300336834899e-003	2.585953e+001	2.208200e+000	4.760639e-002	1.799305e+001	1.976360e-002	4.663328e-005
3.014228325858737e-003	2.585673e+001	2.216074e+000	4.740965e-002	1.799303e+001	1.975662e-002	4.660080e-005
3.048011914235094e-003	2.585373e+001	2.230092e+000	4.705917e-002	1.799300e+001	1.974913e-002	4.654307e-005
3.086143728449731e-003	2.585332e+001	2.246835e+000	4.664028e-002	1.799299e+001	1.974815e-002	4.647422e-005
3.126167868178209e-003	2.585725e+001	2.265597e+000	4.617062e-002	1.799303e+001	1.975806e-002	4.639724e-005
3.177201356873383e-003	2.586944e+001	2.291368e+000	4.552504e-002	1.799315e+001	1.978871e-002	4.629173e-005
3.249840087673928e-003	2.590012e+001	2.331560e+000	4.451703e-002	1.799346e+001	1.986571e-002	4.612762e-005
3.361726630564554e-003	2.597371e+001	2.401242e+000	4.276520e-002	1.799420e+001	2.005033e-002	4.584384e-005
3.539162204824420e-003	2.613740e+001	2.530637e+000	3.949380e-002	1.799584e+001	2.046094e-002	4.531804e-005
3.866655921953788e-003	2.650021e+001	2.809163e+000	3.239501e-002	1.799948e+001	2.137101e-002	4.418718e-005
4.124698041274799e-003	2.678625e+001	3.059199e+000	2.595066e-002	1.800235e+001	2.208860e-002	4.317125e-005
4.401066606147586e-003	2.703568e+001	3.354372e+000	1.824169e-002	1.800486e+001	2.271457e-002	4.196966e-005
4.666257908418681e-003	2.719021e+001	3.652259e+000	1.036693e-002	1.800641e+001	2.310271e-002	4.075434e-005
4.800524216362012e-003	2.722542e+001	3.806633e+000	6.243441e-003	1.800677e+001	2.319139e-002	4.012328e-005
4.876271325734871e-003	2.722719e+001	3.894392e+000	3.881613e-003	1.800678e+001	2.319607e-002	3.976400e-005
4.925239086371658e-003	2.722221e+001	3.951157e+000	2.347389e-003	1.800673e+001	2.318375e-002	3.953143e-005
4.961067841923406e-003	2.721621e+001	3.992648e+000	1.222802e-003	1.800668e+001	2.316884e-002	3.936138e-005
5.000546547480722e-003	2.720827e+001	4.038306e+000	-1.718444e-005	1.800660e+001	2.314908e-002	3.917421e-005
5.022791736561727e-003	2.720344e+001	4.063999e+000	-7.159807e-004	1.800655e+001	2.313705e-002	3.906888e-005
5.036200628485421e-003	2.720043e+001	4.079467e+000	-1.137158e-003	1.800652e+001	2.312954e-002	3.900546e-005
5.049709151000448e-003	2.719735e+001	4.095035e+000	-1.561377e-003	1.800649e+001	2.312186e-002	3.894164e-005
5.063326331679052e-003	2.719422e+001	4.110712e+000	-1.988890e-003	1.800646e+001	2.311407e-002	3.887736e-005
5.078192419596839e-003	2.719079e+001	4.127810e+000	-2.455451e-003	1.800642e+001	2.310553e-002	3.880726e-005
5.091610081484399e-003	2.718769e+001	4.143224e+000	-2.876375e-003	1.800639e+001	2.309779e-002	3.874407e-005
5.105197194470668e-003	2.718454e+001	4.158815e+000	-3.302401e-003	1.800636e+001	2.308995e-002	3.868015e-005
5.118901967057443e-003	2.718136e+001	4.174520e+000	-3.731870e-003	1.800633e+001	2.308203e-002	3.861576e-005
5.133142168650684e-003	2.717806e+001	4.190818e+000	-4.177819e-003	1.800630e+001	2.307380e-002	3.854894e-005
5.148258707033504e-003	2.717455e+001	4.208090e+000	-4.650820e-003	1.800626e+001	2.306506e-002	3.847813e-005
5.167109310420637e-003	2.717018e+001	4.229587e+000	-5.240027e-003	1.800622e+001	2.305417e-002	3.839001e-005
5.190032010464529e-003	2.716486e+001	4.255660e+000	-5.955440e-003	1.800616e+001	2.304092e-002	3.828312e-005
5.220578597255443e-003	2.715779e+001	4.290275e+000	-6.906610e-003	1.800609e+001	2.302328e-002	3.814122e-005
5.263372998980387e-003	2.714788e+001	4.338480e+000	-8.233937e-003	1.800599e+001	2.299859e-002	3.794361e-005
5.331840246712849e-003	2.713206e+001	4.414711e+000	-1.034005e-002	1.800584e+001	2.295915e-002	3.763114e-005
5.461891134640018e-003	2.710209e+001	4.555571e+000	-1.425586e-002	1.800554e+001	2.288447e-002	3.705378e-005
5.721992910494356e-003	2.704249e+001	4.819738e+000	-2.167453e-002	1.800494e+001	2.273585e-002	3.597120e-005
6.121992910494312e-003	2.695150e+001	5.178637e+000	-3.189155e-002	1.800404e+001	2.250886e-002	3.450066e-005
6.521992910494268e-003	2.686135e+001	5.466268e+000	-4.021135e-002	1.800314e+001	2.228374e-002	3.332247e-005
6.921992910494224e-003	2.677201e+001	5.671884e+000	-4.626326e-002	1.800224e+001	2.206045e-002	3.248050e-005
7.183605024427830e-003	2.671404e+001	5.756402e+000	-4.880189e-002	1.800166e+001	2.191539e-002	3.213418e-005
7.353141359549786e-003	2.667671e+001	5.782333e+000	-4.961256e-002	1.800129e+001	2.182191e-002	3.202777e-005
7.562974603261052e-003	2.663075e+001	5.785345e+000	-4.976496e-002	1.800083e+001	2.170674e-002	3.201536e-005
7.752532389390776e-003	2.658946e+001	5.760290e+000	-4.908922e-002	1.800041e+001	2.160319e-002	3.211797e-005
8.060538213260582e-003	2.652283e+001	5.663797e+000	-4.636669e-002	1.799974e+001	2.143593e-002	3.251321e-005
8.460538213260538e-003	2.643700e+001	5.457961e+000	-4.052037e-002	1.799888e+001	2.122023e-002	3.335609e-005
8.860538213260494e-003	2.635198e+001	5.167288e+000	-3.230104e-002	1.799803e+001	2.100631e-002	3.454574e-005
9.260538213260450e-003	2.626780e+001	4.801130e+000	-2.205211e-002	1.799718e+001	2.079430e-002	3.604376e-005
9.660538213260406e-003	2.618446e+001	4.379941e+000	-1.041758e-002	1.799634e+001	2.058423e-002	3.776651e-005
1.006053821326036e-002	2.610196e+001	3.928609e+000	1.871537e-003	1.799550e+001	2.037616e-002	3.961214e-005
1.046053821326032e-002	2.602028e+001	3.475240e+000	1.404306e-002	1.799468e+001	2.017014e-002	4.146551e-005
1.086053821326027e-002	2.593929e+001	3.040530e+000	2.558024e-002	1.799386e+001	1.996593e-002	4.324188e-005
1.102851853617182e-002	2.590551e+001	2.870451e+000	3.005801e-002	1.799352e+001	1.988078e-002	4.393658e-005
1.113324940657856e-002	2.588455e+001	2.771507e+000	3.265030e-002	1.799331e+001	1.982795e-002	4.434058e-005
1.118939963002541e-002	2.587334e+001	2.720695e+000	3.397894e-002	1.799320e+001	1.979970e-002	4.454801e-005
1.121560774394892e-002	2.586811e+001	2.697617e+000	3.458178e-002	1.799315e+001	1.978654e-002	4.464221e-005
1.123089620523476e-002	2.586507e+001	2.684366e+000	3.492775e-002	1.799312e+001	1.977888e-002	4.469629e-005
1.124366722277115e-002	2.586254e+001	2.673405e+000	3.521383e-002	1.799309e+001	1.977250e-002	4.474102e-005
1.125597946526069e-002	2.586011e+001	2.662924e+000	3.548736e-002	1.799306e+001	1.976638e-002	4.478380e-005
1.126894392331845e-002	2.585757e+001	2.651973e+000	3.577308e-002	1.799304e+001	1.975998e-002	4.482849e-005
1.128137350742020e-002	2.585516e+001	2.641557e+000	3.604480e-002	1.799302e+001	1.975392e-002	4.487099e-005
1.129438760868240e-002	2.585270e+001	2.630742e+000	3.632686e-002	1.799299e+001	1.974772e-002	4.491513e-005
1.130820490087037e-002	2.585019e+001	2.619362e+000	3.662361e-002	1.799297e+001	1.974140e-002	4.496157e-005
1.132401178888198e-002	2.584755e+001	2.606481e+000	3.695948e-002	1.799294e+001	1.973474e-002	4.501414e-005
1.134438216551703e-002	2.584477e+001	2.590127e+000	3.738588e-002	1.799291e+001	1.972774e-002	4.508090e-005
1.138050427060655e-002	2.584193e+001	2.561727e+000	3.812648e-002	1.799288e+001	1.972054e-002	4.519689e-005
1.142382983346302e-002	2.584220e+001	2.528549e+000	3.899195e-002	1.799288e+001	1.972112e-002	4.533248e-005
1.146331397132050e-002	2.584711e+001	2.499348e+000	3.975422e-002	1.799293e+001	1.973334e-002	4.545195e-005
1.151809153960692e-002	2.586221e+001	2.460677e+000	4.076486e-002	1.799308e+001	1.977106e-002	4.561041e-005
1.159694632809760e-002	2.589920e+001	2.408753e+000	4.212450e-002	1.799346e+001	1.986361e-002	4.582365e-005
1.171943780267570e-002	2.598689e+001	2.337382e+000	4.400051e-002	1.799433e+001	2.008319e-002	4.611776e-005
1.191628955309643e-002	2.617777e+001	2.245705e+000	4.642980e-002	1.799624e+001	2.056129e-002	4.649765e-005
1.218539104646688e-002	2.648509e+001	2.157469e+000	4.880630e-002	1.799932e+001	2.133122e-002	4.686648e-005
1.235535820392020e-002	2.668497e+001	2.128745e+000	4.961803e-002	1.800133e+001	2.183209e-002	4.698903e-005
1.256571188200217e-002	2.691097e+001	2.126889e+000	4.975924e-002	1.800359e+001	2.239846e-002	4.700204e-005
1.275698814555648e-002	2.706904e+001	2.155492e+000	4.910572e-002	1.800518e+001	2.279471e-002	4.688838e-005
1.301987866278975e-002	2.720744e+001	2.233375e+000	4.720617e-002	1.800657e+001	2.314178e-002	4.657182e-005
1.314092115880983e-002	2.723634e+001	2.283427e+000	4.596031e-002	1.800686e+001	2.321435e-002	4.636692e-005
1.321331662171565e-002	2.723694e+001	2.319799e+000	4.504588e-002	1.800686e+001	2.321597e-002	4.621752e-005
1.326218531698475e-002	2.723169e+001	2.346650e+000	4.436781e-002	1.800681e+001	2.320288e-002	4.610710e-005
1.329680607373285e-002	2.722576e+001	2.366835e+000	4.385666e-002	1.800675e+001	2.318807e-002	4.602404e-005
1.334304568331168e-002	2.721634e+001	2.394910e+000	4.314450e-002	1.800666e+001	2.316455e-002	4.590849e-005
1.336028534243972e-002	2.721257e+001	2.405693e+000	4.287063e-002	1.800662e+001	2.315513e-002	4.586412e-005
1.337532039361800e-002	2.720916e+001	2.415321e+000	4.262589e-002	1.800659e+001	2.314662e-002	4.582449e-005
1.338900168896440e-002	2.720603e+001	2.424216e+000	4.239964e-002	1.800656e+001	2.313879e-002	4.578789e-005
1.340455152817821e-002	2.720244e+001	2.434469e+000	4.213870e-002	1.800652e+001	2.312985e-002	4.574570e-005
1.341861016987545e-002	2.719919e+001	2.443867e+000	4.189941e-002	1.800649e+001	2.312173e-002	4.570703e-005
1.343296082661638e-002	2.719587e+001	2.453597e+000	4.165153e-002	1.800645e+001	2.311342e-002	4.566700e-005
1.345007646275320e-002	2.719190e+001	2.465375e+000	4.135130e-002	1.800641e+001	2.310350e-002	4.561855e-005
1.346978312419300e-002	2.718732e+001	2.479166e+000	4.099952e-002	1.800637e+001	2.309207e-002	4.556182e-005
1.349476270875893e-002	2.718152e+001	2.497005e+000	4.054412e-002	1.800631e+001	2.307759e-002	4.548845e-005
1.352708317860873e-002	2.717402e+001	2.520683e+000	3.993898e-002	1.800624e+001	2.305885e-002	4.539108e-005
1.357369230192540e-002	2.716321e+001	2.556047e+000	3.903376e-002	1.800613e+001	2.303187e-002	4.524568e-005
1.364886354162320e-002	2.714581e+001	2.616260e+000	3.748818e-002	1.800595e+001	2.298844e-002	4.499819e-005
1.379812617474840e-002	2.711139e+001	2.746578e+000	3.412486e-002	1.800561e+001	2.290254e-002	4.446280e-005
1.409665144099881e-002	2.704293e+001	3.036425e+000	2.657517e-002	1.800493e+001	2.273182e-002	4.327278e-005
1.449665144099877e-002	2.695192e+001	3.463479e+000	1.530659e-002	1.800402e+001	2.250497e-002	4.152043e-005
1.489665144099872e-002	2.686176e+001	3.915092e+000	3.193543e-003	1.800312e+001	2.228031e-002	3.966815e-005
1.529665144099868e-002	2.677250e+001	4.365829e+000	-9.120161e-003	1.800223e+001	2.205791e-002	3.782020e-005
1.569665144099863e-002	2.668413e+001	4.787528e+000	-2.086081e-002	1.800135e+001	2.183765e-002	3.609195e-005
1.609665144099859e-002	2.659664e+001	5.155185e+000	-3.129070e-002	1.800048e+001	2.161945e-002	3.458570e-005
1.649665144099854e-002	2.651003e+001	5.448199e+000	-3.975448e-002	1.799961e+001	2.140322e-002	3.338565e-005
1.689665144099850e-002	2.642421e+001	5.658901e+000	-4.594855e-002	1.799875e+001	2.118875e-002	3.252282e-005
1.717407176692509e-002	2.636515e+001	5.751744e+000	-4.873256e-002	1.799817e+001	2.104101e-002	3.214238e-005
1.734130577644710e-002	2.632978e+001	5.779791e+000	-4.960364e-002	1.799781e+001	2.095245e-002	3.202734e-005
1.752168548313970e-002	2.629182e+001	5.786330e+000	-4.984986e-002	1.799743e+001	2.085732e-002	3.200051e-005
1.768531045245281e-002	2.625755e+001	5.770961e+000	-4.944891e-002	1.799709e+001	2.077139e-002	3.206348e-005
1.795148154177029e-002	2.620215e+001	5.701653e+000	-4.750344e-002	1.799653e+001	2.063236e-002	3.234747e-005
1.835148154177024e-002	2.611954e+001	5.519770e+000	-4.233772e-002	1.799570e+001	2.042480e-002	3.309250e-005
1.875148154177020e-002	2.603768e+001	5.252622e+000	-3.476755e-002	1.799487e+001	2.021888e-002	3.418612e-005
1.915148154177015e-002	2.595665e+001	4.905268e+000	-2.501282e-002	1.799406e+001	2.001481e-002	3.560733e-005
1.955148154177011e-002	2.587710e+001	4.503295e+000	-1.383178e-002	1.799326e+001	1.981428e-002	3.725159e-005
1.966199707260685e-002	2.585734e+001	4.383741e+000	-1.053293e-002	1.799306e+001	1.976443e-002	3.774068e-005
1.971216015956734e-002	2.585170e+001	4.327590e+000	-8.991373e-003	1.799300e+001	1.975012e-002	3.797051e-005
1.976074773106884e-002	2.585143e+001	4.272673e+000	-7.486448e-003	1.799300e+001	1.974927e-002	3.819542e-005
1.980524773212311e-002	2.585687e+001	4.222084e+000	-6.101692e-003	1.799305e+001	1.976278e-002	3.840278e-005
1.985713478708484e-002	2.587131e+001	4.162783e+000	-4.480508e-003	1.799320e+001	1.979879e-002	3.864608e-005
1.993677261992066e-002	2.590905e+001	4.071315e+000	-1.984340e-003	1.799357e+001	1.989309e-002	3.902181e-005
2.006198039786789e-002	2.599907e+001	3.927099e+000	1.939934e-003	1.799447e+001	2.011829e-002	3.961511e-005
2.026209834782566e-002	2.619420e+001	3.698472e+000	8.127755e-003	1.799643e+001	2.060667e-002	4.055713e-005
2.061961375247678e-002	2.659152e+001	3.302854e+000	1.875436e-002	1.800040e+001	2.160127e-002	4.218865e-005
2.095784483999563e-002	2.693616e+001	2.953938e+000	2.804341e-002	1.800385e+001	2.246400e-002	4.362689e-005
2.124300996104855e-002	2.714305e+001	2.689867e+000	3.501087e-002	1.800593e+001	2.298174e-002	4.471327e-005
2.143775261766945e-002	2.721706e+001	2.529485e+000	3.921394e-002	1.800667e+001	2.316674e-002	4.537121e-005
2.151460220911416e-002	2.722466e+001	2.472589e+000	4.069841e-002	1.800674e+001	2.318564e-002	4.560395e-005
2.158067888141968e-002	2.722017e+001	2.427259e+000	4.187831e-002	1.800670e+001	2.317424e-002	4.578901e-005
2.161648385351578e-002	2.721488e+001	2.403927e+000	4.248498e-002	1.800664e+001	2.316091e-002	4.588415e-005
2.166054839590781e-002	2.720627e+001	2.376532e+000	4.319685e-002	1.800656e+001	2.313926e-002	4.599577e-005
2.170308003400012e-002	2.719707e+001	2.351088e+000	4.385787e-002	1.800646e+001	2.311614e-002	4.609938e-005
2.172485281592040e-002	2.719215e+001	2.338531e+000	4.418406e-002	1.800641e+001	2.310376e-002	4.615049e-005
2.174650808173473e-002	2.718716e+001	2.326429e+000	4.449846e-002	1.800636e+001	2.309123e-002	4.619974e-005
2.176706070534040e-002	2.718241e+001	2.315258e+000	4.478869e-002	1.800632e+001	2.307929e-002	4.624519e-005
2.179348971590378e-002	2.717629e+001	2.301360e+000	4.514985e-002	1.800626e+001	2.306390e-002	4.630173e-005
2.182779193321527e-002	2.716833e+001	2.284100e+000	4.559853e-002	1.800618e+001	2.304392e-002	4.637191e-005
2.187731203961429e-002	2.715686e+001	2.260837e+000	4.620365e-002	1.800606e+001	2.301510e-002	4.646645e-005
2.195710602609657e-002	2.713841e+001	2.227991e+000	4.705966e-002	1.800587e+001	2.296876e-002	4.659979e-005
2.211669399906113e-002	2.710161e+001	2.176374e+000	4.841131e-002	1.800550e+001	2.287639e-002	4.680882e-005
2.230697719820229e-002	2.705789e+001	2.135707e+000	4.948971e-002	1.800507e+001	2.276671e-002	4.697255e-005
2.246071019711549e-002	2.702272e+001	2.122794e+000	4.985239e-002	1.800471e+001	2.267853e-002	4.702314e-005
2.263539420098781e-002	2.698295e+001	2.133484e+000	4.961788e-002	1.800431e+001	2.257888e-002	4.697681e-005
2.287036231381312e-002	2.692976e+001	2.189876e+000	4.822752e-002	1.800378e+001	2.244576e-002	4.674260e-005
2.325097325891745e-002	2.684425e+001	2.362711e+000	4.387197e-002	1.800293e+001	2.223195e-002	4.602992e-005
2.365097325891741e-002	2.675518e+001	2.635592e+000	3.689649e-002	1.800204e+001	2.200950e-002	4.490764e-005
2.405097325891736e-002	2.666698e+001	2.992772e+000	2.763780e-002	1.800116e+001	2.178949e-002	4.344053e-005
2.445097325891732e-002	2.657966e+001	3.410539e+000	1.664252e-002	1.800029e+001	2.157187e-002	4.172592e-005
2.485097325891728e-002	2.649321e+001	3.860394e+000	4.601538e-003	1.799943e+001	2.135651e-002	3.988072e-005
2.525097325891723e-002	2.640763e+001	4.312744e+000	-7.728580e-003	1.799857e+001	2.114333e-002	3.802616e-005
2.565097325891719e-002	2.632290e+001	4.739146e+000	-1.957308e-002	1.799773e+001	2.093221e-002	3.627867e-005
2.605097325891714e-002	2.623901e+001	5.114157e+000	-3.018774e-002	1.799689e+001	2.072305e-002	3.474235e-005
2.645097325891710e-002	2.615596e+001	5.416630e+000	-3.890558e-002	1.799606e+001	2.051579e-002	3.350363e-005
2.685097325891706e-002	2.607370e+001	5.636440e+000	-4.535277e-002	1.799524e+001	2.031024e-002	3.260362e-005
2.715680370691698e-002	2.601130e+001	5.745180e+000	-4.860377e-002	1.799462e+001	2.015417e-002	3.215820e-005
2.731985541348037e-002	2.597824e+001	5.775850e+000	-4.954927e-002	1.799429e+001	2.007141e-002	3.203245e-005
2.748358877940382e-002	2.594521e+001	5.785050e+000	-4.986793e-002	1.799395e+001	1.998867e-002	3.199474e-005
2.764390007068651e-002	2.591303e+001	5.774517e+000	-4.960701e-002	1.799363e+001	1.990798e-002	3.203793e-005
2.788419201317027e-002	2.586506e+001	5.733704e+000	-4.848326e-002	1.799315e+001	1.978763e-002	3.220512e-005
2.794194006591155e-002	2.585375e+001	5.719181e+000	-4.807543e-002	1.799304e+001	1.975926e-002	3.226460e-005
2.797577655051065e-002	2.584747e+001	5.708712e+000	-4.777926e-002	1.799298e+001	1.974349e-002	3.230749e-005
2.799589769265731e-002	2.584414e+001	5.702055e+000	-4.759051e-002	1.799294e+001	1.973512e-002	3.233478e-005
2.801687223391025e-002	2.584149e+001	5.694737e+000	-4.738264e-002	1.799291e+001	1.972846e-002	3.236479e-005
2.805482630343192e-002	2.583901e+001	5.680788e+000	-4.698554e-002	1.799289e+001	1.972220e-002	3.242206e-005
2.809414980774672e-002	2.583991e+001	5.665475e+000	-4.654854e-002	1.799290e+001	1.972441e-002	3.248503e-005
2.813639512831889e-002	2.584599e+001	5.647878e+000	-4.604493e-002	1.799296e+001	1.973960e-002	3.255753e-005
2.819304874903850e-002	2.586293e+001	5.622361e+000	-4.531263e-002	1.799313e+001	1.978199e-002	3.266288e-005
2.827720922087762e-002	2.590507e+001	5.580506e+000	-4.410838e-002	1.799355e+001	1.988747e-002	3.283606e-005
2.840710963052517e-002	2.600298e+001	5.506732e+000	-4.198283e-002	1.799453e+001	2.013264e-002	3.314191e-005
2.861996088975216e-002	2.621690e+001	5.363168e+000	-3.785600e-002	1.799667e+001	2.066834e-002	3.373753e-005
2.896209186220999e-002	2.660293e+001	5.088140e+000	-3.000559e-002	1.800054e+001	2.163501e-002	3.487726e-005
2.929287621762367e-002	2.694193e+001	4.779225e+000	-2.128654e-002	1.800393e+001	2.248373e-002	3.615394e-005
2.958007047115152e-002	2.715121e+001	4.480698e+000	-1.296562e-002	1.800603e+001	2.300736e-002	3.738360e-005
2.976702508420015e-002	2.722161e+001	4.274446e+000	-7.278481e-003	1.800673e+001	2.318319e-002	3.823066e-005
2.986269656580487e-002	2.723065e+001	4.165797e+000	-4.305765e-003	1.800682e+001	2.320553e-002	3.867594e-005
2.991626574263218e-002	2.722675e+001	4.104219e+000	-2.628784e-003	1.800678e+001	2.319557e-002	3.892800e-005
2.995674988100161e-002	2.722048e+001	4.057445e+000	-1.358374e-003	1.800672e+001	2.317974e-002	3.911935e-005
2.999249891429634e-002	2.721348e+001	4.016030e+000	-2.356254e-004	1.800665e+001	2.316207e-002	3.928873e-005
3.003207161112509e-002	2.720494e+001	3.970114e+000	1.007460e-003	1.800656e+001	2.314054e-002	3.947648e-005
3.004338302505150e-002	2.720240e+001	3.956978e+000	1.362728e-003	1.800654e+001	2.313413e-002	3.953019e-005
3.005707513403655e-002	2.719927e+001	3.941070e+000	1.792651e-003	1.800650e+001	2.312623e-002	3.959523e-005
3.007070311172155e-002	2.719613e+001	3.925232e+000	2.220430e-003	1.800647e+001	2.311832e-002	3.965998e-005
3.008511658576585e-002	2.719280e+001	3.908480e+000	2.672684e-003	1.800644e+001	2.310993e-002	3.972847e-005
3.010022786685895e-002	2.718930e+001	3.890916e+000	3.146594e-003	1.800640e+001	2.310111e-002	3.980027e-005
3.011644629034627e-002	2.718554e+001	3.872065e+000	3.654887e-003	1.800637e+001	2.309163e-002	3.987734e-005
3.013634654188269e-002	2.718092e+001	3.848940e+000	4.278012e-003	1.800632e+001	2.308000e-002	3.997188e-005
3.016029869518455e-002	2.717537e+001	3.821119e+000	5.027036e-003	1.800626e+001	2.306599e-002	4.008561e-005
3.019224374430429e-002	2.716796e+001	3.784048e+000	6.023971e-003	1.800619e+001	2.304731e-002	4.023715e-005
3.023700035859545e-002	2.715759e+001	3.732216e+000	7.415648e-003	1.800608e+001	2.302117e-002	4.044902e-005
3.030906047034176e-002	2.714091e+001	3.649225e+000	9.638254e-003	1.800592e+001	2.297915e-002	4.078824e-005
3.044861753166184e-002	2.710874e+001	3.491285e+000	1.384909e-002	1.800559e+001	2.289805e-002	4.143370e-005
3.072773165430198e-002	2.704474e+001	3.190339e+000	2.181931e-002	1.800495e+001	2.273680e-002	4.266325e-005
3.112773165430194e-002	2.695372e+001	2.801993e+000	3.202650e-002	1.800403e+001	2.250757e-002	4.424906e-005
3.152773165430189e-002	2.686355e+001	2.484662e+000	4.031341e-002	1.800312e+001	2.228065e-002	4.554362e-005
3.192773165430185e-002	2.677419e+001	2.253465e+000	4.633295e-002	1.800222e+001	2.205604e-002	4.648488e-005
3.218575982069072e-002	2.671699e+001	2.158404e+000	4.881738e-002	1.800165e+001	2.191241e-002	4.687021e-005
3.235581591363013e-002	2.667953e+001	2.128403e+000	4.961915e-002	1.800127e+001	2.181846e-002	4.699041e-005
3.256627702944415e-002	2.663342e+001	2.124777e+000	4.975803e-002	1.800081e+001	2.170289e-002	4.700216e-005
3.275790808037904e-002	2.659167e+001	2.153926e+000	4.905627e-002	1.800039e+001	2.159833e-002	4.688008e-005
3.306924821348312e-002	2.652430e+001	2.265507e+000	4.626658e-002	1.799972e+001	2.142982e-002	4.641905e-005
3.346924821348307e-002	2.643846e+001	2.497794e+000	4.036690e-002	1.799886e+001	2.121534e-002	4.546298e-005
3.386924821348303e-002	2.635342e+001	2.818938e+000	3.209735e-002	1.799801e+001	2.100315e-002	4.414337e-005
3.426924821348298e-002	2.626923e+001	3.212610e+000	2.181100e-002	1.799717e+001	2.079329e-002	4.252724e-005
3.466924821348294e-002	2.618588e+001	3.651593e+000	1.015419e-002	1.799634e+001	2.058567e-002	4.072629e-005
3.506924821348290e-002	2.610336e+001	4.106499e+000	-2.140648e-003	1.799552e+001	2.038018e-002	3.886097e-005
3.546924821348285e-002	2.602166e+001	4.548105e+000	-1.430098e-002	1.799471e+001	2.017671e-002	3.705097e-005
3.586924821348281e-002	2.594095e+001	4.949394e+000	-2.556273e-002	1.799390e+001	1.997557e-002	3.540677e-005
3.626924821348276e-002	2.586505e+001	5.301838e+000	-3.561665e-002	1.799314e+001	1.978637e-002	3.396313e-005
3.639258680914925e-002	2.585226e+001	5.395998e+000	-3.833441e-002	1.799302e+001	1.975461e-002	3.357783e-005
3.648385855109804e-002	2.585910e+001	5.457735e+000	-4.012833e-002	1.799309e+001	1.977192e-002	3.332576e-005
3.654603665887302e-002	2.587694e+001	5.496857e+000	-4.126682e-002	1.799327e+001	1.981674e-002	3.316648e-005
3.661346125917619e-002	2.591165e+001	5.535868e+000	-4.240308e-002	1.799361e+001	1.990385e-002	3.300822e-005
3.674831045978255e-002	2.601096e+001	5.605843e+000	-4.444284e-002	1.799461e+001	2.015293e-002	3.272560e-005
3.688899070209861e-002	2.614618e+001	5.666034e+000	-4.619910e-002	1.799597e+001	2.049198e-002	3.248422e-005
3.713767545377533e-002	2.642761e+001	5.743101e+000	-4.845080e-002	1.799879e+001	2.119752e-002	3.217904e-005
3.735513069925323e-002	2.668146e+001	5.781250e+000	-4.956864e-002	1.800134e+001	2.183382e-002	3.203222e-005
3.756543097338660e-002	2.690668e+001	5.787513e+000	-4.975983e-002	1.800359e+001	2.239828e-002	3.201500e-005
3.775653088662856e-002	2.706441e+001	5.764923e+000	-4.911615e-002	1.800517e+001	2.279350e-002	3.211365e-005
3.801079846054578e-002	2.719881e+001	5.701320e+000	-4.729573e-002	1.800652e+001	2.313015e-002	3.237989e-005
3.813683859948136e-002	2.722951e+001	5.656300e+000	-4.600861e-002	1.800683e+001	2.320697e-002	3.256598e-005
3.820943565371926e-002	2.723057e+001	5.624404e+000	-4.509813e-002	1.800684e+001	2.320953e-002	3.269707e-005
3.825949395557915e-002	2.722533e+001	5.600147e+000	-4.440649e-002	1.800678e+001	2.319632e-002	3.279655e-005
3.829422735065990e-002	2.721944e+001	5.582208e+000	-4.389538e-002	1.800673e+001	2.318151e-002	3.287003e-005
3.834102098446213e-002	2.720995e+001	5.556962e+000	-4.317643e-002	1.800663e+001	2.315765e-002	3.297338e-005
3.835888772108587e-002	2.720605e+001	5.547012e+000	-4.289311e-002	1.800659e+001	2.314784e-002	3.301411e-005
3.837461579921175e-002	2.720249e+001	5.538029e+000	-4.263740e-002	1.800656e+001	2.313890e-002	3.305087e-005
3.838834772765121e-002	2.719934e+001	5.530058e+000	-4.241052e-002	1.800652e+001	2.313100e-002	3.308350e-005
3.840381679092486e-002	2.719578e+001	5.520941e+000	-4.215106e-002	1.800649e+001	2.312204e-002	3.312080e-005
3.841874537622814e-002	2.719233e+001	5.512012e+000	-4.189697e-002	1.800645e+001	2.311337e-002	3.315734e-005
3.843432137158498e-002	2.718872e+001	5.502548e+000	-4.162768e-002	1.800642e+001	2.310430e-002	3.319607e-005
3.845300033652221e-002	2.718439e+001	5.491004e+000	-4.129930e-002	1.800637e+001	2.309341e-002	3.324331e-005
3.847502296525152e-002	2.717928e+001	5.477124e+000	-4.090454e-002	1.800632e+001	2.308057e-002	3.330011e-005
3.850355773852510e-002	2.717266e+001	5.458699e+000	-4.038068e-002	1.800626e+001	2.306392e-002	3.337551e-005
3.854203610491314e-002	2.716374e+001	5.433049e+000	-3.965183e-002	1.800617e+001	2.304149e-002	3.348047e-005
3.860046951853136e-002	2.715021e+001	5.392248e+000	-3.849354e-002	1.800603e+001	2.300746e-002	3.364743e-005
3.870355947430260e-002	2.712640e+001	5.314708e+000	-3.629712e-002	1.800579e+001	2.294756e-002	3.396472e-005
3.890973938584486e-002	2.707900e+001	5.140570e+000	-3.139111e-002	1.800531e+001	2.282828e-002	3.467728e-005
3.930973938584481e-002	2.698768e+001	4.756994e+000	-2.068166e-002	1.800439e+001	2.259832e-002	3.624664e-005
3.970973938584477e-002	2.689717e+001	4.330595e+000	-8.925891e-003	1.800348e+001	2.237024e-002	3.799069e-005
4.010973938584472e-002	2.680755e+001	3.877320e+000	3.390721e-003	1.800258e+001	2.214434e-002	3.984404e-005
4.050973938584468e-002	2.671883e+001	3.425597e+000	1.549428e-002	1.800168e+001	2.192069e-002	4.169039e-005
4.090973938584464e-002	2.663100e+001	3.005050e+000	2.662428e-002	1.800080e+001	2.169935e-002	4.340851e-005
4.130973938584459e-002	2.654404e+001	2.644277e+000	3.608137e-002	1.799992e+001	2.148037e-002	4.488132e-005
4.170973938584455e-002	2.645794e+001	2.368509e+000	4.327134e-002	1.799905e+001	2.126381e-002	4.600556e-005
4.210973938584450e-002	2.637258e+001	2.178698e+000	4.821904e-002	1.799820e+001	2.104932e-002	4.677722e-005
4.226130859210708e-002	2.634047e+001	2.137646e+000	4.929958e-002	1.799788e+001	2.096872e-002	4.694293e-005
4.244945162272806e-002	2.630083e+001	2.119387e+000	4.980632e-002	1.799748e+001	2.086933e-002	4.701479e-005
4.263120676551924e-002	2.626272e+001	2.128185e+000	4.962299e-002	1.799710e+001	2.077384e-002	4.697620e-005
4.286355305869516e-002	2.621430e+001	2.182570e+000	4.828521e-002	1.799661e+001	2.065265e-002	4.675036e-005
4.323999884404151e-002	2.613643e+001	2.351486e+000	4.403283e-002	1.799583e+001	2.045799e-002	4.605398e-005
4.363999884404146e-002	2.605442e+001	2.622117e+000	3.712019e-002	1.799501e+001	2.025323e-002	4.494113e-005
4.403999884404142e-002	2.597321e+001	2.977344e+000	2.791793e-002	1.799420e+001	2.005074e-002	4.348213e-005
4.443999884404137e-002	2.589273e+001	3.389219e+000	1.711835e-002	1.799340e+001	1.985024e-002	4.179157e-005
4.458679324105663e-002	2.586376e+001	3.551418e+000	1.282319e-002	1.799311e+001	1.977810e-002	4.112619e-005
4.465113325187264e-002	2.585195e+001	3.624680e+000	1.087022e-002	1.799299e+001	1.974872e-002	4.082577e-005
4.468194650430091e-002	2.584737e+001	3.660048e+000	9.924721e-003	1.799295e+001	1.973734e-002	4.068078e-005
4.471007235224556e-002	2.584487e+001	3.692452e+000	9.057136e-003	1.799292e+001	1.973115e-002	4.054800e-005
4.474690062893094e-002	2.584452e+001	3.734997e+000	7.916721e-003	1.799292e+001	1.973040e-002	4.037376e-005
4.478734717683763e-002	2.584839e+001	3.781843e+000	6.659504e-003	1.799296e+001	1.974026e-002	4.018205e-005
4.483782338254660e-002	2.586029e+001	3.840443e+000	5.084379e-003	1.799308e+001	1.977025e-002	3.994246e-005
4.490948867167455e-002	2.589030e+001	3.923758e+000	2.840061e-003	1.799338e+001	1.984570e-002	3.960226e-005
4.501999911293830e-002	2.596256e+001	4.051962e+000	-6.257884e-004	1.799411e+001	2.002715e-002	3.907961e-005
4.519498729927696e-002	2.612370e+001	4.251976e+000	-6.068461e-003	1.799573e+001	2.043157e-002	3.826587e-005
4.551467569859224e-002	2.647933e+001	4.604996e+000	-1.576297e-002	1.799930e+001	2.132386e-002	3.683217e-005
4.577570683628363e-002	2.677175e+001	4.874103e+000	-2.324217e-002	1.800223e+001	2.205748e-002	3.574026e-005
4.606191178419250e-002	2.703444e+001	5.138839e+000	-3.070615e-002	1.800487e+001	2.271660e-002	3.466570e-005
4.633155843835213e-002	2.719461e+001	5.358672e+000	-3.698683e-002	1.800648e+001	2.311865e-002	3.377195e-005
4.646994540897231e-002	2.723156e+001	5.457662e+000	-3.984830e-002	1.800685e+001	2.321154e-002	3.336857e-005
4.654486728708340e-002	2.723335e+001	5.505660e+000	-4.124805e-002	1.800686e+001	2.321615e-002	3.317254e-005
4.659465013650332e-002	2.722822e+001	5.535375e+000	-4.211891e-002	1.800681e+001	2.320339e-002	3.305102e-005
4.662944923129841e-002	2.722236e+001	5.555098e+000	-4.269883e-002	1.800676e+001	2.318875e-002	3.297029e-005
4.667060598068873e-002	2.721405e+001	5.577512e+000	-4.335933e-002	1.800667e+001	2.316800e-002	3.287851e-005
4.669160457805255e-002	2.720948e+001	5.588592e+000	-4.368635e-002	1.800663e+001	2.315658e-002	3.283313e-005
4.670614091742342e-002	2.720620e+001	5.596061e+000	-4.390709e-002	1.800659e+001	2.314838e-002	3.280253e-005
4.671972126414459e-002	2.720310e+001	5.602909e+000	-4.410964e-002	1.800656e+001	2.314063e-002	3.277449e-005
4.673328209026262e-002	2.719998e+001	5.609629e+000	-4.430857e-002	1.800653e+001	2.313283e-002	3.274696e-005
4.674793588541881e-002	2.719660e+001	5.616766e+000	-4.451999e-002	1.800650e+001	2.312437e-002	3.271772e-005
4.676132776008179e-002	2.719350e+001	5.623173e+000	-4.470991e-002	1.800647e+001	2.311662e-002	3.269147e-005
4.677561454258883e-002	2.719019e+001	5.629879e+000	-4.490888e-002	1.800643e+001	2.310834e-002	3.266400e-005
4.679123292763410e-002	2.718656e+001	5.637058e+000	-4.512206e-002	1.800640e+001	2.309928e-002	3.263459e-005
4.681046670015299e-002	2.718210e+001	5.645682e+000	-4.537839e-002	1.800635e+001	2.308811e-002	3.259927e-005
4.683354807729967e-002	2.717674e+001	5.655710e+000	-4.567683e-002	1.800630e+001	2.307471e-002	3.255819e-005
4.686409386171220e-002	2.716965e+001	5.668424e+000	-4.605588e-002	1.800623e+001	2.305699e-002	3.250610e-005
4.690650102890959e-002	2.715982e+001	5.684973e+000	-4.655049e-002	1.800613e+001	2.303240e-002	3.243831e-005
4.697374084440820e-002	2.714426e+001	5.708324e+000	-4.725156e-002	1.800597e+001	2.299347e-002	3.234265e-005
4.710033900219890e-002	2.711506e+001	5.742156e+000	-4.827779e-002	1.800568e+001	2.292037e-002	3.220407e-005
4.735353531778008e-002	2.705688e+001	5.782266e+000	-4.952793e-002	1.800510e+001	2.277468e-002	3.203980e-005
4.756346105788101e-002	2.700888e+001	5.788127e+000	-4.976395e-002	1.800462e+001	2.265441e-002	3.201573e-005
4.775332425137457e-002	2.696573e+001	5.762906e+000	-4.908440e-002	1.800418e+001	2.254619e-002	3.211895e-005
4.806182134719772e-002	2.689610e+001	5.666017e+000	-4.635203e-002	1.800349e+001	2.237141e-002	3.251571e-005
4.846182134719768e-002	2.680655e+001	5.459839e+000	-4.049784e-002	1.800259e+001	2.214638e-002	3.335987e-005
4.886182134719763e-002	2.671784e+001	5.168830e+000	-3.227109e-002	1.800169e+001	2.192323e-002	3.455079e-005
4.926182134719759e-002	2.663001e+001	4.802391e+000	-2.201664e-002	1.800081e+001	2.170207e-002	3.604984e-005
4.966182134719754e-002	2.654306e+001	4.380997e+000	-1.037879e-002	1.799993e+001	2.148294e-002	3.777333e-005
5.006182134719750e-002	2.645698e+001	3.929543e+000	1.911186e-003	1.799906e+001	2.126591e-002	3.961935e-005
5.046182134719746e-002	2.637176e+001	3.476146e+000	1.408108e-002	1.799820e+001	2.105102e-002	4.147274e-005
5.086182134719741e-002	2.628738e+001	3.050385e+000	2.536621e-002	1.799735e+001	2.083833e-002	4.321239e-005
5.126182134719737e-002	2.620385e+001	2.681103e+000	3.505748e-002	1.799651e+001	2.062792e-002	4.472021e-005
5.166182134719732e-002	2.612115e+001	2.394054e+000	4.254596e-002	1.799568e+001	2.041983e-002	4.589081e-005
5.206182134719728e-002	2.603917e+001	2.192761e+000	4.779218e-002	1.799486e+001	2.021378e-002	4.670965e-005
5.223580740164935e-002	2.600376e+001	2.140742e+000	4.915865e-002	1.799450e+001	2.012489e-002	4.691999e-005
5.241787330100878e-002	2.596694e+001	2.119031e+000	4.975276e-002	1.799413e+001	2.003254e-002	4.700613e-005
5.261945213058539e-002	2.592636e+001	2.125396e+000	4.963648e-002	1.799372e+001	1.993087e-002	4.697723e-005
5.284443567316166e-002	2.588132e+001	2.162521e+000	4.874068e-002	1.799327e+001	1.981808e-002	4.682210e-005
5.292975441941961e-002	2.586444e+001	2.185536e+000	4.817242e-002	1.799310e+001	1.977585e-002	4.672670e-005
5.296864659773770e-002	2.585699e+001	2.198718e+000	4.784440e-002	1.799303e+001	1.975724e-002	4.667221e-005
5.298798949459638e-002	2.585358e+001	2.205862e+000	4.766620e-002	1.799300e+001	1.974870e-002	4.664271e-005
5.300855052024267e-002	2.585045e+001	2.213846e+000	4.746680e-002	1.799296e+001	1.974089e-002	4.660977e-005
5.303279046193521e-002	2.584781e+001	2.223705e+000	4.722039e-002	1.799294e+001	1.973428e-002	4.656915e-005
5.306852448391775e-002	2.584626e+001	2.239018e+000	4.683739e-002	1.799292e+001	1.973046e-002	4.650614e-005
5.310689227645393e-002	2.584820e+001	2.256470e+000	4.640067e-002	1.799294e+001	1.973536e-002	4.643447e-005
5.315252441174101e-002	2.585625e+001	2.278722e+000	4.584348e-002	1.799302e+001	1.975559e-002	4.634328e-005
5.321411129643816e-002	2.587722e+001	2.311365e+000	4.502534e-002	1.799323e+001	1.980826e-002	4.620984e-005
5.330747122969259e-002	2.592901e+001	2.366395e+000	4.364370e-002	1.799375e+001	1.993821e-002	4.598549e-005
5.345265259609544e-002	2.604734e+001	2.464751e+000	4.116477e-002	1.799494e+001	2.023505e-002	4.558552e-005
5.369698614130081e-002	2.630306e+001	2.658132e+000	3.625764e-002	1.799751e+001	2.087648e-002	4.480028e-005
5.399076267149505e-002	2.663631e+001	2.927350e+000	2.935577e-002	1.800085e+001	2.171244e-002	4.370696e-005
5.430533686559746e-002	2.695299e+001	3.251072e+000	2.094837e-002	1.800403e+001	2.250703e-002	4.239029e-005
5.459001528055740e-002	2.715424e+001	3.565628e+000	1.266964e-002	1.800605e+001	2.301230e-002	4.110803e-005
5.476643562149675e-002	2.721885e+001	3.767345e+000	7.298962e-003	1.800670e+001	2.317482e-002	4.028395e-005
5.485266156985968e-002	2.722680e+001	3.867113e+000	4.619703e-003	1.800678e+001	2.319503e-002	3.987568e-005
5.491164077790933e-002	2.722283e+001	3.935491e+000	2.773821e-003	1.800674e+001	2.318526e-002	3.959559e-005
5.494817244873040e-002	2.721742e+001	3.977815e+000	1.627702e-003	1.800669e+001	2.317185e-002	3.942214e-005
5.498621676865478e-002	2.721010e+001	4.021830e+000	4.329456e-004	1.800661e+001	2.315363e-002	3.924172e-005
5.502553003880095e-002	2.720171e+001	4.067247e+000	-8.019805e-004	1.800653e+001	2.313271e-002	3.905553e-005
5.504163932789963e-002	2.719810e+001	4.085830e+000	-1.307962e-003	1.800649e+001	2.312372e-002	3.897934e-005
5.505471974158471e-002	2.719511e+001	4.100899e+000	-1.718702e-003	1.800647e+001	2.311627e-002	3.891756e-005
5.506872523097139e-002	2.719189e+001	4.117017e+000	-2.158353e-003	1.800643e+001	2.310825e-002	3.885147e-005
5.508296585457950e-002	2.718860e+001	4.133389e+000	-2.605217e-003	1.800640e+001	2.310005e-002	3.878435e-005
5.509712621132867e-002	2.718532e+001	4.149648e+000	-3.049344e-003	1.800637e+001	2.309189e-002	3.871770e-005
5.511386714620881e-002	2.718144e+001	4.168843e+000	-3.574078e-003	1.800633e+001	2.308222e-002	3.863900e-005
5.513286271846285e-002	2.717704e+001	4.190584e+000	-4.168970e-003	1.800628e+001	2.307124e-002	3.854987e-005
5.515681300712205e-002	2.717148e+001	4.217932e+000	-4.918098e-003	1.800623e+001	2.305740e-002	3.843776e-005
5.518738757783082e-002	2.716439e+001	4.252725e+000	-5.872576e-003	1.800616e+001	2.303974e-002	3.829512e-005
5.523079575814172e-002	2.715434e+001	4.301853e+000	-7.223095e-003	1.800606e+001	2.301468e-002	3.809372e-005
5.529887382401544e-002	2.713860e+001	4.378080e+000	-9.325648e-003	1.800590e+001	2.297544e-002	3.778125e-005
5.542830143908084e-002	2.710875e+001	4.519320e+000	-1.324547e-002	1.800560e+001	2.290106e-002	3.720233e-005
5.568715666921165e-002	2.704939e+001	4.785076e+000	-2.069658e-002	1.800501e+001	2.275305e-002	3.611318e-005
5.608715666921160e-002	2.695834e+001	5.149842e+000	-3.106353e-002	1.800410e+001	2.252591e-002	3.461864e-005
5.648715666921156e-002	2.686811e+001	5.444789e+000	-3.958070e-002	1.800320e+001	2.230064e-002	3.341061e-005
5.688715666921151e-002	2.677873e+001	5.657341e+000	-4.582772e-002	1.800231e+001	2.207723e-002	3.254014e-005
5.717049180576317e-002	2.671590e+001	5.753349e+000	-4.870620e-002	1.800168e+001	2.192006e-002	3.214667e-005
5.733686003716376e-002	2.667925e+001	5.782437e+000	-4.960811e-002	1.800131e+001	2.182828e-002	3.202732e-005
5.749552500745603e-002	2.664445e+001	5.790060e+000	-4.988025e-002	1.800096e+001	2.174110e-002	3.199599e-005
5.764833672449155e-002	2.661110e+001	5.778940e+000	-4.960108e-002	1.800063e+001	2.165747e-002	3.204152e-005
5.789140455782849e-002	2.655835e+001	5.723134e+000	-4.804324e-002	1.800010e+001	2.152512e-002	3.227013e-005
5.828485984018417e-002	2.647361e+001	5.558148e+000	-4.336242e-002	1.799925e+001	2.131226e-002	3.294591e-005
5.868485984018412e-002	2.638822e+001	5.305374e+000	-3.619474e-002	1.799839e+001	2.109754e-002	3.398067e-005
5.908485984018408e-002	2.630368e+001	4.970137e+000	-2.676458e-002	1.799754e+001	2.088471e-002	3.535235e-005
5.948485984018403e-002	2.621999e+001	4.570294e+000	-1.565270e-002	1.799669e+001	2.067381e-002	3.698795e-005
5.988485984018399e-002	2.613713e+001	4.128900e+000	-3.557309e-003	1.799586e+001	2.046488e-002	3.879313e-005
6.028485984018395e-002	2.605510e+001	3.672827e+000	8.761604e-003	1.799503e+001	2.025798e-002	4.065785e-005
6.068485984018390e-002	2.597388e+001	3.231247e+000	2.052999e-002	1.799421e+001	2.005317e-002	4.246259e-005
6.108485984018386e-002	2.589337e+001	2.821676e+000	3.133195e-002	1.799340e+001	1.985020e-002	4.413564e-005
6.123280109607876e-002	2.586396e+001	2.684016e+000	3.493843e-002	1.799310e+001	1.977610e-002	4.469767e-005
6.129820078882942e-002	2.585139e+001	2.627881e+000	3.640392e-002	1.799298e+001	1.974444e-002	4.492679e-005
6.132305333380761e-002	2.584708e+001	2.607400e+000	3.693806e-002	1.799294e+001	1.973357e-002	4.501037e-005
6.134855468200451e-002	2.584350e+001	2.586881e+000	3.747305e-002	1.799290e+001	1.972453e-002	4.509413e-005
6.137470097805409e-002	2.584119e+001	2.566266e+000	3.801060e-002	1.799287e+001	1.971870e-002	4.517831e-005
6.141132514521774e-002	2.584074e+001	2.538075e+000	3.874591e-002	1.799287e+001	1.971749e-002	4.529351e-005
6.145099160331435e-002	2.584435e+001	2.508451e+000	3.951906e-002	1.799291e+001	1.972644e-002	4.541467e-005
6.150116002247263e-002	2.585583e+001	2.472504e+000	4.045815e-002	1.799302e+001	1.975511e-002	4.556190e-005
6.157133786272184e-002	2.588457e+001	2.425215e+000	4.169560e-002	1.799331e+001	1.982701e-002	4.575596e-005
6.167975414031135e-002	2.595426e+001	2.359324e+000	4.342524e-002	1.799401e+001	2.000146e-002	4.602718e-005
6.185076448127758e-002	2.610991e+001	2.274946e+000	4.565602e-002	1.799557e+001	2.039131e-002	4.637630e-005
6.215909044928325e-002	2.645223e+001	2.164522e+000	4.861627e-002	1.799899e+001	2.124889e-002	4.683678e-005
6.232269690879155e-002	2.664572e+001	2.130637e+000	4.955703e-002	1.800093e+001	2.173370e-002	4.698031e-005
6.248863620143830e-002	2.683414e+001	2.121329e+000	4.987016e-002	1.800282e+001	2.220591e-002	4.702299e-005
6.264577622598622e-002	2.698371e+001	2.134351e+000	4.960453e-002	1.800432e+001	2.258079e-002	4.697310e-005
6.288724211351204e-002	2.715295e+001	2.187294e+000	4.834406e-002	1.800602e+001	2.300510e-002	4.675976e-005
6.304521404400654e-002	2.722032e+001	2.240980e+000	4.702320e-002	1.800670e+001	2.317408e-002	4.654089e-005
6.314228552573686e-002	2.723671e+001	2.283849e+000	4.595267e-002	1.800686e+001	2.321529e-002	4.636520e-005
6.321199603130445e-002	2.723661e+001	2.319107e+000	4.506597e-002	1.800686e+001	2.321513e-002	4.622036e-005
6.325586421516971e-002	2.723201e+001	2.343146e+000	4.445897e-002	1.800681e+001	2.320368e-002	4.612149e-005
6.329433191751543e-002	2.722558e+001	2.365447e+000	4.389439e-002	1.800675e+001	2.318762e-002	4.602973e-005
6.333303219162545e-002	2.721782e+001	2.388825e+000	4.330147e-002	1.800667e+001	2.316824e-002	4.593352e-005
6.336034356401221e-002	2.721188e+001	2.405843e+000	4.286931e-002	1.800661e+001	2.315340e-002	4.586348e-005
6.337303175262554e-002	2.720901e+001	2.413939e+000	4.266356e-002	1.800658e+001	2.314625e-002	4.583017e-005
6.338658443838319e-002	2.720591e+001	2.422731e+000	4.243995e-002	1.800655e+001	2.313850e-002	4.579398e-005
6.340023579452137e-002	2.720277e+001	2.431705e+000	4.221159e-002	1.800652e+001	2.313066e-002	4.575706e-005
6.341487164507087e-002	2.719939e+001	2.441456e+000	4.196334e-002	1.800649e+001	2.312221e-002	4.571693e-005
6.342934761285535e-002	2.719604e+001	2.451233e+000	4.171431e-002	1.800645e+001	2.311383e-002	4.567671e-005
6.344474632165675e-002	2.719246e+001	2.461784e+000	4.144540e-002	1.800642e+001	2.310491e-002	4.563330e-005
6.346340451670796e-002	2.718813e+001	2.474771e+000	4.111419e-002	1.800638e+001	2.309410e-002	4.557988e-005
6.348556834821406e-002	2.718299e+001	2.490487e+000	4.071311e-002	1.800632e+001	2.308124e-002	4.551524e-005
6.351447053028814e-002	2.717628e+001	2.511454e+000	4.017748e-002	1.800626e+001	2.306449e-002	4.542901e-005
6.355374768243705e-002	2.716717e+001	2.540820e+000	3.942629e-002	1.800617e+001	2.304174e-002	4.530826e-005
6.361407016894782e-002	2.715319e+001	2.587956e+000	3.821798e-002	1.800603e+001	2.300686e-002	4.511449e-005
6.372228063811658e-002	2.712819e+001	2.678626e+000	3.588450e-002	1.800578e+001	2.294447e-002	4.474191e-005
6.393870157645432e-002	2.707844e+001	2.879491e+000	3.067472e-002	1.800528e+001	2.282035e-002	4.391700e-005
6.433870157645427e-002	2.698712e+001	3.291507e+000	1.986561e-002	1.800437e+001	2.259268e-002	4.222599e-005
6.473870157645423e-002	2.689661e+001	3.735330e+000	8.043732e-003	1.800347e+001	2.236713e-002	4.040534e-005
6.513870157645418e-002	2.680700e+001	4.189896e+000	-4.283563e-003	1.800257e+001	2.214386e-002	3.854140e-005
6.553870157645414e-002	2.671829e+001	4.626255e+000	-1.634171e-002	1.800169e+001	2.192279e-002	3.675280e-005
6.593870157645410e-002	2.663046e+001	5.017977e+000	-2.737304e-002	1.800081e+001	2.170380e-002	3.514775e-005
6.633870157645405e-002	2.654350e+001	5.342611e+000	-3.668443e-002	1.799995e+001	2.148681e-002	3.381803e-005
6.673870157645401e-002	2.645742e+001	5.582573e+000	-4.369079e-002	1.799909e+001	2.127176e-002	3.283545e-005
6.713870157645396e-002	2.637206e+001	5.741405e+000	-4.841682e-002	1.799823e+001	2.105830e-002	3.218497e-005
6.729735172122320e-002	2.633844e+001	5.776008e+000	-4.947596e-002	1.799790e+001	2.097414e-002	3.204297e-005
6.745109574294728e-002	2.630605e+001	5.786790e+000	-4.983946e-002	1.799757e+001	2.089298e-002	3.199859e-005
6.763181835875809e-002	2.626814e+001	5.777522e+000	-4.962225e-002	1.799719e+001	2.079795e-002	3.203658e-005
6.786454761612504e-002	2.621961e+001	5.729136e+000	-4.827684e-002	1.799670e+001	2.067618e-002	3.223486e-005
6.824160202356566e-002	2.614156e+001	5.578685e+000	-4.400945e-002	1.799592e+001	2.048016e-002	3.285120e-005
6.864160202356562e-002	2.605950e+001	5.334771e+000	-3.708762e-002	1.799509e+001	2.027379e-002	3.384985e-005
6.904160202356557e-002	2.597824e+001	5.007756e+000	-2.787709e-002	1.799428e+001	2.006921e-002	3.518798e-005
6.944160202356553e-002	2.589771e+001	4.620560e+000	-1.707130e-002	1.799347e+001	1.986627e-002	3.677183e-005
6.958842638070717e-002	2.586870e+001	4.465292e+000	-1.277361e-002	1.799317e+001	1.979311e-002	3.740698e-005
6.965296206561078e-002	2.585680e+001	4.394107e+000	-1.081414e-002	1.799305e+001	1.976309e-002	3.769821e-005
6.968373606681366e-002	2.585217e+001	4.359712e+000	-9.869626e-003	1.799301e+001	1.975138e-002	3.783895e-005
6.971161916263458e-002	2.584959e+001	4.328347e+000	-9.009356e-003	1.799298e+001	1.974482e-002	3.796734e-005
6.974837766112274e-002	2.584907e+001	4.286805e+000	-7.870913e-003	1.799297e+001	1.974341e-002	3.813747e-005
6.978871027047062e-002	2.585269e+001	4.241012e+000	-6.617088e-003	1.799301e+001	1.975236e-002	3.832513e-005
6.983856109823172e-002	2.586405e+001	4.184131e+000	-5.061379e-003	1.799312e+001	1.978065e-002	3.855843e-005
6.990901174957287e-002	2.589280e+001	4.103337e+000	-2.855069e-003	1.799341e+001	1.985248e-002	3.889018e-005
7.001746587091495e-002	2.596222e+001	3.978467e+000	5.464860e-004	1.799410e+001	2.002610e-002	3.940364e-005
7.018871944905958e-002	2.611736e+001	3.781912e+000	5.876631e-003	1.799566e+001	2.041434e-002	4.021318e-005
7.049772052227188e-002	2.645723e+001	3.434079e+000	1.524850e-002	1.799906e+001	2.126509e-002	4.164749e-005
7.078817221360789e-002	2.678039e+001	3.122650e+000	2.357318e-002	1.800230e+001	2.207408e-002	4.293189e-005
7.106654641118504e-002	2.703471e+001	2.848520e+000	3.083757e-002	1.800484e+001	2.271066e-002	4.406114e-005
7.132280782077283e-002	2.718656e+001	2.621544e+000	3.680834e-002	1.800636e+001	2.309057e-002	4.499396e-005
7.146191419343895e-002	2.722460e+001	2.511205e+000	3.969492e-002	1.800674e+001	2.318559e-002	4.544615e-005
7.153811651272735e-002	2.722722e+001	2.456253e+000	4.112731e-002	1.800677e+001	2.319201e-002	4.567077e-005
7.158912541961970e-002	2.722237e+001	2.421759e+000	4.202485e-002	1.800672e+001	2.317974e-002	4.581155e-005
7.162466604798956e-002	2.721657e+001	2.398838e+000	4.262069e-002	1.800666e+001	2.316514e-002	4.590498e-005
7.166365799462326e-002	2.720881e+001	2.374635e+000	4.324960e-002	1.800658e+001	2.314562e-002	4.600359e-005
7.168971986222328e-002	2.720317e+001	2.358945e+000	4.365720e-002	1.800653e+001	2.313146e-002	4.606749e-005
7.170425699406424e-002	2.719991e+001	2.350416e+000	4.387876e-002	1.800649e+001	2.312324e-002	4.610221e-005
7.171772250237174e-002	2.719683e+001	2.342667e+000	4.408004e-002	1.800646e+001	2.311552e-002	4.613375e-005
7.173131811099531e-002	2.719371e+001	2.334972e+000	4.427994e-002	1.800643e+001	2.310767e-002	4.616507e-005
7.174607460502469e-002	2.719031e+001	2.326758e+000	4.449334e-002	1.800640e+001	2.309912e-002	4.619850e-005
7.175948786117425e-002	2.718721e+001	2.319417e+000	4.468405e-002	1.800636e+001	2.309132e-002	4.622837e-005
7.177307672215383e-002	2.718406e+001	2.312110e+000	4.487389e-002	1.800633e+001	2.308341e-002	4.625809e-005
7.178753452817510e-002	2.718071e+001	2.304483e+000	4.507209e-002	1.800630e+001	2.307499e-002	4.628911e-005
7.180520802764678e-002	2.717661e+001	2.295363e+000	4.530913e-002	1.800626e+001	2.306469e-002	4.632621e-005
7.182596726076218e-002	2.717179e+001	2.284937e+000	4.558015e-002	1.800621e+001	2.305259e-002	4.636860e-005
7.185281687611900e-002	2.716557e+001	2.271927e+000	4.591845e-002	1.800615e+001	2.303695e-002	4.642149e-005
7.188858623848171e-002	2.715728e+001	2.255462e+000	4.634684e-002	1.800607e+001	2.301613e-002	4.648839e-005
7.194223930135801e-002	2.714486e+001	2.232768e+000	4.693796e-002	1.800594e+001	2.298494e-002	4.658054e-005
7.203419980758152e-002	2.712362e+001	2.200024e+000	4.779352e-002	1.800573e+001	2.293163e-002	4.671328e-005
7.221812082002876e-002	2.708129e+001	2.151965e+000	4.905917e-002	1.800530e+001	2.282539e-002	4.690737e-005
7.239595566555956e-002	2.704053e+001	2.128161e+000	4.970478e-002	1.800489e+001	2.272316e-002	4.700221e-005
7.261128209556289e-002	2.699142e+001	2.132344e+000	4.964515e-002	1.800440e+001	2.260010e-002	4.698194e-005
7.283114573990313e-002	2.694157e+001	2.177211e+000	4.854658e-002	1.800390e+001	2.247532e-002	4.679510e-005
7.318771276549696e-002	2.686134e+001	2.327389e+000	4.477092e-002	1.800310e+001	2.227467e-002	4.617543e-005
7.358771276549692e-002	2.677211e+001	2.586495e+000	3.816154e-002	1.800221e+001	2.205179e-002	4.510951e-005
7.398771276549687e-002	2.668374e+001	2.931680e+000	2.923413e-002	1.800133e+001	2.183133e-002	4.369146e-005
7.438771276549683e-002	2.659626e+001	3.341700e+000	1.846982e-002	1.800045e+001	2.161326e-002	4.200846e-005
7.478771276549678e-002	2.650965e+001	3.788448e+000	6.544990e-003	1.799959e+001	2.139748e-002	4.017585e-005
7.518771276549674e-002	2.642390e+001	4.242348e+000	-5.791088e-003	1.799874e+001	2.118389e-002	3.831480e-005
7.558771276549670e-002	2.633900e+001	4.674641e+000	-1.776329e-002	1.799789e+001	2.097238e-002	3.654307e-005
7.598771276549665e-002	2.625496e+001	5.059307e+000	-2.861936e-002	1.799705e+001	2.076286e-002	3.496711e-005
7.638771276549661e-002	2.617175e+001	5.374458e+000	-3.767717e-002	1.799622e+001	2.055523e-002	3.367640e-005
7.678771276549656e-002	2.608934e+001	5.606581e+000	-4.446801e-002	1.799540e+001	2.034937e-002	3.272581e-005
7.713267196997586e-002	2.601886e+001	5.739064e+000	-4.841689e-002	1.799469e+001	2.017310e-002	3.218306e-005
7.728985194792726e-002	2.598695e+001	5.772579e+000	-4.944217e-002	1.799437e+001	2.009324e-002	3.204579e-005
7.744942300192248e-002	2.595473e+001	5.784276e+000	-4.983181e-002	1.799405e+001	2.001252e-002	3.199797e-005
7.763119611862179e-002	2.591820e+001	5.775305e+000	-4.962300e-002	1.799368e+001	1.992094e-002	3.203478e-005
7.786353574487226e-002	2.587177e+001	5.738473e+000	-4.861342e-002	1.799322e+001	1.980449e-002	3.218567e-005
7.794176166484057e-002	2.585639e+001	5.719285e+000	-4.807515e-002	1.799306e+001	1.976587e-002	3.226426e-005
7.797158584267017e-002	2.585078e+001	5.710203e+000	-4.781833e-002	1.799301e+001	1.975179e-002	3.230146e-005
7.799109237494806e-002	2.584746e+001	5.703794e+000	-4.763668e-002	1.799297e+001	1.974344e-002	3.232773e-005
7.801152224640084e-002	2.584460e+001	5.696754e+000	-4.743681e-002	1.799294e+001	1.973626e-002	3.235659e-005
7.804202520161097e-002	2.584190e+001	5.685724e+000	-4.712302e-002	1.799292e+001	1.972945e-002	3.240187e-005
7.807932121687178e-002	2.584143e+001	5.671492e+000	-4.671723e-002	1.799291e+001	1.972824e-002	3.246035e-005
7.811897711129867e-002	2.584514e+001	5.655391e+000	-4.625694e-002	1.799295e+001	1.973751e-002	3.252664e-005
7.816937847613392e-002	2.585688e+001	5.633398e+000	-4.562647e-002	1.799307e+001	1.976685e-002	3.261736e-005
7.824037453487831e-002	2.588632e+001	5.599519e+000	-4.465263e-002	1.799336e+001	1.984054e-002	3.275741e-005
7.834996593487142e-002	2.595744e+001	5.540678e+000	-4.295781e-002	1.799407e+001	2.001861e-002	3.300118e-005
7.852296176243012e-002	2.611596e+001	5.431418e+000	-3.981292e-002	1.799566e+001	2.041556e-002	3.345443e-005
7.883761184723714e-002	2.646478e+001	5.195381e+000	-3.305089e-002	1.799916e+001	2.128910e-002	3.443331e-005
7.913218270457989e-002	2.679390e+001	4.937402e+000	-2.572637e-002	1.800245e+001	2.211318e-002	3.550111e-005
7.940384900667818e-002	2.704195e+001	4.668032e+000	-1.816783e-002	1.800494e+001	2.273406e-002	3.661269e-005
7.965889434018658e-002	2.719300e+001	4.395114e+000	-1.059446e-002	1.800645e+001	2.311185e-002	3.773550e-005
7.979233259532270e-002	2.722972e+001	4.246145e+000	-6.498189e-003	1.800681e+001	2.320344e-002	3.834684e-005
7.987163234933092e-002	2.723271e+001	4.155684e+000	-4.026745e-003	1.800684e+001	2.321066e-002	3.871743e-005
7.992085494315848e-002	2.722820e+001	4.099039e+000	-2.484911e-003	1.800680e+001	2.319920e-002	3.894926e-005
7.995874088869859e-002	2.722208e+001	4.055252e+000	-1.295867e-003	1.800673e+001	2.318374e-002	3.912839e-005
7.999581077356432e-002	2.721474e+001	4.012302e+000	-1.315855e-004	1.800666e+001	2.316521e-002	3.930403e-005
8.002538278511184e-002	2.720835e+001	3.977992e+000	7.973677e-004	1.800660e+001	2.314910e-002	3.944433e-005
8.003773021232519e-002	2.720558e+001	3.963654e+000	1.185199e-003	1.800657e+001	2.314211e-002	3.950295e-005
8.005089359778284e-002	2.720257e+001	3.948362e+000	1.598569e-003	1.800654e+001	2.313454e-002	3.956547e-005
8.006449809086402e-002	2.719945e+001	3.932554e+000	2.025676e-003	1.800651e+001	2.312666e-002	3.963010e-005
8.007788830634022e-002	2.719636e+001	3.916991e+000	2.445911e-003	1.800648e+001	2.311887e-002	3.969372e-005
8.009196202835578e-002	2.719310e+001	3.900634e+000	2.887412e-003	1.800644e+001	2.311066e-002	3.976060e-005
8.010535758666038e-002	2.719000e+001	3.885063e+000	3.307429e-003	1.800641e+001	2.310284e-002	3.982426e-005
8.011910400136868e-002	2.718681e+001	3.869086e+000	3.738199e-003	1.800638e+001	2.309480e-002	3.988957e-005
8.013320493523524e-002	2.718353e+001	3.852700e+000	4.179776e-003	1.800635e+001	2.308655e-002	3.995657e-005
8.014973121787428e-002	2.717970e+001	3.833499e+000	4.696860e-003	1.800631e+001	2.307688e-002	4.003505e-005
8.016910323669402e-002	2.717520e+001	3.811003e+000	5.302289e-003	1.800626e+001	2.306555e-002	4.012702e-005
8.019405270464364e-002	2.716941e+001	3.782052e+000	6.080755e-003	1.800620e+001	2.305096e-002	4.024537e-005
8.022677135772249e-002	2.716183e+001	3.744139e+000	7.099027e-003	1.800613e+001	2.303184e-002	4.040034e-005
8.027473609972158e-002	2.715072e+001	3.688722e+000	8.584961e-003	1.800602e+001	2.300384e-002	4.062686e-005
8.035363112211513e-002	2.713249e+001	3.598256e+000	1.100394e-002	1.800583e+001	2.295788e-002	4.099661e-005
8.051142116690224e-002	2.709616e+001	3.421521e+000	1.570659e-002	1.800546e+001	2.286632e-002	4.171883e-005
8.082700125647624e-002	2.702392e+001	3.088401e+000	2.451005e-002	1.800474e+001	2.268432e-002	4.307966e-005
8.122700125647620e-002	2.693309e+001	2.715444e+000	3.429347e-002	1.800382e+001	2.245561e-002	4.460222e-005
8.162700125647615e-002	2.684312e+001	2.420176e+000	4.199463e-002	1.800292e+001	2.222927e-002	4.580619e-005
8.202700125647611e-002	2.675393e+001	2.210924e+000	4.744473e-002	1.800202e+001	2.200514e-002	4.665762e-005
8.222285163964815e-002	2.671058e+001	2.148783e+000	4.907377e-002	1.800159e+001	2.189633e-002	4.690909e-005
8.240181956611559e-002	2.667122e+001	2.125012e+000	4.971849e-002	1.800119e+001	2.179760e-002	4.700365e-005
8.261346903372613e-002	2.662489e+001	2.129815e+000	4.964289e-002	1.800073e+001	2.168152e-002	4.698091e-005
8.283470334792353e-002	2.657677e+001	2.175716e+000	4.851896e-002	1.800024e+001	2.156105e-002	4.678988e-005
8.319345695649516e-002	2.649931e+001	2.327947e+000	4.469213e-002	1.799947e+001	2.136736e-002	4.616188e-005
8.359345695649512e-002	2.641368e+001	2.588378e+000	3.804913e-002	1.799862e+001	2.115352e-002	4.509065e-005
8.399345695649507e-002	2.632889e+001	2.934731e+000	2.909105e-002	1.799777e+001	2.094202e-002	4.366793e-005
8.439345695649503e-002	2.624495e+001	3.345533e+000	1.830506e-002	1.799693e+001	2.073283e-002	4.198185e-005
8.479345695649498e-002	2.616184e+001	3.792641e+000	6.368901e-003	1.799610e+001	2.052584e-002	4.014788e-005
8.519345695649494e-002	2.607956e+001	4.246475e+000	-5.967440e-003	1.799528e+001	2.032094e-002	3.828722e-005
8.559345695649490e-002	2.599810e+001	4.678297e+000	-1.792882e-002	1.799447e+001	2.011804e-002	3.651750e-005
8.599345695649485e-002	2.591734e+001	5.073145e+000	-2.905107e-002	1.799367e+001	1.991676e-002	3.489977e-005
8.615401583527227e-002	2.588516e+001	5.215307e+000	-3.310883e-002	1.799335e+001	1.983652e-002	3.431744e-005
8.625313827762660e-002	2.586547e+001	5.295298e+000	-3.541252e-002	1.799315e+001	1.978741e-002	3.398980e-005
8.628959678735515e-002	2.585838e+001	5.323284e+000	-3.622153e-002	1.799308e+001	1.976972e-002	3.387519e-005
8.630808358939057e-002	2.585496e+001	5.337057e+000	-3.662049e-002	1.799304e+001	1.976118e-002	3.381879e-005
8.632771817406160e-002	2.585162e+001	5.351444e+000	-3.703765e-002	1.799301e+001	1.975287e-002	3.375988e-005
8.634609148417516e-002	2.584906e+001	5.364689e+000	-3.742195e-002	1.799298e+001	1.974648e-002	3.370567e-005
8.637963966102391e-002	2.584612e+001	5.388383e+000	-3.811000e-002	1.799296e+001	1.973919e-002	3.360874e-005
8.641764555096509e-002	2.584574e+001	5.414566e+000	-3.887082e-002	1.799295e+001	1.973831e-002	3.350173e-005
8.645757345588523e-002	2.584969e+001	5.441195e+000	-3.964514e-002	1.799299e+001	1.974829e-002	3.339304e-005
8.650862892889411e-002	2.586194e+001	5.473829e+000	-4.059468e-002	1.799312e+001	1.977908e-002	3.326009e-005
8.658127629655810e-002	2.589271e+001	5.517441e+000	-4.186452e-002	1.799343e+001	1.985632e-002	3.308289e-005
8.669314953628726e-002	2.596649e+001	5.577852e+000	-4.362497e-002	1.799417e+001	2.004140e-002	3.283848e-005
8.687070461388458e-002	2.613076e+001	5.654958e+000	-4.587460e-002	1.799581e+001	2.045332e-002	3.252898e-005
8.719820338641648e-002	2.649593e+001	5.756154e+000	-4.883152e-002	1.799948e+001	2.136878e-002	3.212811e-005
8.737125650730881e-002	2.669522e+001	5.783729e+000	-4.964013e-002	1.800147e+001	2.186832e-002	3.202258e-005
8.760206023891115e-002	2.693466e+001	5.783856e+000	-4.965424e-002	1.800387e+001	2.246839e-002	3.203107e-005
8.781614263738335e-002	2.710473e+001	5.754739e+000	-4.882310e-002	1.800558e+001	2.289454e-002	3.215696e-005
8.800321368200548e-002	2.719698e+001	5.704964e+000	-4.739819e-002	1.800650e+001	2.312558e-002	3.236485e-005
8.814346608085555e-002	2.722768e+001	5.653402e+000	-4.592391e-002	1.800681e+001	2.320238e-002	3.257783e-005
8.821371792905497e-002	2.722866e+001	5.622474e+000	-4.504106e-002	1.800682e+001	2.320474e-002	3.270495e-005
8.826201309812420e-002	2.722337e+001	5.598949e+000	-4.437036e-002	1.800677e+001	2.319142e-002	3.280140e-005
8.829678175738143e-002	2.721740e+001	5.580933e+000	-4.385705e-002	1.800671e+001	2.317639e-002	3.287520e-005
8.834272573806845e-002	2.720803e+001	5.556091e+000	-4.314959e-002	1.800661e+001	2.315286e-002	3.297690e-005
8.835998889838992e-002	2.720426e+001	5.546464e+000	-4.287550e-002	1.800657e+001	2.314337e-002	3.301630e-005
8.837382185951714e-002	2.720113e+001	5.538562e+000	-4.265054e-002	1.800654e+001	2.313550e-002	3.304864e-005
8.838742216375883e-002	2.719802e+001	5.530674e+000	-4.242603e-002	1.800651e+001	2.312768e-002	3.308092e-005
8.840094307964974e-002	2.719491e+001	5.522721e+000	-4.219969e-002	1.800648e+001	2.311987e-002	3.311347e-005
8.841547365110181e-002	2.719156e+001	5.514057e+000	-4.195312e-002	1.800644e+001	2.311143e-002	3.314893e-005
8.842888689866113e-002	2.718845e+001	5.505949e+000	-4.172242e-002	1.800641e+001	2.310363e-002	3.318211e-005
8.844298145546969e-002	2.718518e+001	5.497311e+000	-4.147667e-002	1.800638e+001	2.309542e-002	3.321745e-005
8.845840917452885e-002	2.718160e+001	5.487717e+000	-4.120377e-002	1.800635e+001	2.308642e-002	3.325671e-005
8.847738548775541e-002	2.717720e+001	5.475721e+000	-4.086261e-002	1.800630e+001	2.307535e-002	3.330581e-005
8.850013293001102e-002	2.717192e+001	5.461057e+000	-4.044567e-002	1.800625e+001	2.306209e-002	3.336581e-005
8.853011890724272e-002	2.716497e+001	5.441245e+000	-3.988259e-002	1.800618e+001	2.304460e-002	3.344688e-005
8.857154536557066e-002	2.715537e+001	5.412950e+000	-3.907891e-002	1.800608e+001	2.302047e-002	3.356267e-005
8.863671245755822e-002	2.714030e+001	5.366148e+000	-3.775119e-002	1.800593e+001	2.298255e-002	3.375418e-005
8.875778918658717e-002	2.711237e+001	5.271826e+000	-3.508283e-002	1.800565e+001	2.291230e-002	3.414014e-005
8.899994264464506e-002	2.705681e+001	5.059879e+000	-2.912360e-002	1.800509e+001	2.277244e-002	3.500739e-005
8.939994264464501e-002	2.696569e+001	4.664617e+000	-1.811874e-002	1.800417e+001	2.254294e-002	3.662443e-005
8.979994264464497e-002	2.687540e+001	4.229805e+000	-6.169982e-003	1.800326e+001	2.231539e-002	3.840272e-005
9.019994264464493e-002	2.678600e+001	3.774333e+000	6.166463e-003	1.800236e+001	2.209003e-002	4.026496e-005
9.059994264464488e-002	2.669749e+001	3.327064e+000	1.811545e-002	1.800147e+001	2.186693e-002	4.209298e-005
9.099994264464484e-002	2.660987e+001	2.917583e+000	2.892617e-002	1.800058e+001	2.164616e-002	4.376566e-005
9.139994264464479e-002	2.652312e+001	2.573944e+000	3.791935e-002	1.799971e+001	2.142775e-002	4.516819e-005
9.179994264464475e-002	2.643721e+001	2.315832e+000	4.464440e-002	1.799885e+001	2.121169e-002	4.621998e-005
9.213735935821932e-002	2.636532e+001	2.169810e+000	4.845381e-002	1.799812e+001	2.103110e-002	4.681305e-005
9.229568241536157e-002	2.633181e+001	2.131388e+000	4.946852e-002	1.799779e+001	2.094701e-002	4.696792e-005
9.245072333528182e-002	2.629917e+001	2.118251e+000	4.983776e-002	1.799746e+001	2.086516e-002	4.701938e-005
9.263167983043097e-002	2.626124e+001	2.128298e+000	4.962242e-002	1.799708e+001	2.077014e-002	4.697567e-005
9.286432234593711e-002	2.621277e+001	2.182918e+000	4.827874e-002	1.799660e+001	2.064882e-002	4.674888e-005
9.324123890643876e-002	2.613482e+001	2.352287e+000	4.401475e-002	1.799582e+001	2.045395e-002	4.605065e-005
9.364123890643872e-002	2.605282e+001	2.623152e+000	3.709500e-002	1.799500e+001	2.024923e-002	4.493669e-005
9.404123890643867e-002	2.597163e+001	2.978576e+000	2.788635e-002	1.799419e+001	2.004678e-002	4.347674e-005
9.444123890643863e-002	2.589119e+001	3.390811e+000	1.707710e-002	1.799339e+001	1.984639e-002	4.178492e-005
9.459485800894996e-002	2.586092e+001	3.560673e+000	1.257893e-002	1.799308e+001	1.977100e-002	4.108820e-005
9.465308184148369e-002	2.585031e+001	3.626994e+000	1.081071e-002	1.799298e+001	1.974462e-002	4.081624e-005
9.468352566758642e-002	2.584588e+001	3.661950e+000	9.876098e-003	1.799294e+001	1.973362e-002	4.067295e-005
9.471193940044276e-002	2.584347e+001	3.694691e+000	8.999438e-003	1.799291e+001	1.972766e-002	4.053879e-005
9.474893196217682e-002	2.584332e+001	3.737432e+000	7.853702e-003	1.799291e+001	1.972741e-002	4.036376e-005
9.478957687398149e-002	2.584750e+001	3.784513e+000	6.590059e-003	1.799295e+001	1.973802e-002	4.017109e-005
9.484099723516870e-002	2.586008e+001	3.844217e+000	4.985145e-003	1.799308e+001	1.976972e-002	3.992700e-005
9.491422388451576e-002	2.589160e+001	3.929347e+000	2.691570e-003	1.799339e+001	1.984896e-002	3.957942e-005
9.502758327815464e-002	2.596737e+001	4.060814e+000	-8.633750e-004	1.799416e+001	2.003922e-002	3.904352e-005
9.520728033670101e-002	2.613534e+001	4.265841e+000	-6.445470e-003	1.799584e+001	2.046080e-002	3.820948e-005
9.554234596835798e-002	2.650974e+001	4.634151e+000	-1.656911e-002	1.799960e+001	2.140015e-002	3.671383e-005
9.580961688824297e-002	2.680703e+001	4.907793e+000	-2.418238e-002	1.800258e+001	2.214601e-002	3.560355e-005
9.607451817164070e-002	2.704560e+001	5.150780e+000	-3.104019e-002	1.800498e+001	2.274460e-002	3.461721e-005
9.633273849869384e-002	2.719457e+001	5.359744e+000	-3.701501e-002	1.800648e+001	2.311855e-002	3.376757e-005
9.647312524787144e-002	2.723110e+001	5.459861e+000	-3.990991e-002	1.800684e+001	2.321039e-002	3.335957e-005
9.654427147624989e-002	2.723265e+001	5.505389e+000	-4.123770e-002	1.800686e+001	2.321440e-002	3.317362e-005
9.659586376941420e-002	2.722724e+001	5.536147e+000	-4.213923e-002	1.800680e+001	2.320094e-002	3.304783e-005
9.663041136914896e-002	2.722139e+001	5.555686e+000	-4.271379e-002	1.800674e+001	2.318632e-002	3.296786e-005
9.667701182719068e-002	2.721191e+001	5.580979e+000	-4.345927e-002	1.800665e+001	2.316264e-002	3.286428e-005
9.669502827949783e-002	2.720797e+001	5.590440e+000	-4.373856e-002	1.800661e+001	2.315280e-002	3.282553e-005
9.671191389081235e-002	2.720415e+001	5.599059e+000	-4.399334e-002	1.800657e+001	2.314323e-002	3.279023e-005
9.672662306927693e-002	2.720078e+001	5.606421e+000	-4.421117e-002	1.800654e+001	2.313481e-002	3.276008e-005
9.674141867766917e-002	2.719737e+001	5.613682e+000	-4.442620e-002	1.800651e+001	2.312628e-002	3.273033e-005
9.675818783033896e-002	2.719349e+001	5.621744e+000	-4.466517e-002	1.800647e+001	2.311658e-002	3.269730e-005
9.677640646851415e-002	2.718926e+001	5.630300e+000	-4.491900e-002	1.800642e+001	2.310603e-002	3.266225e-005
9.679873343411960e-002	2.718408e+001	5.640490e+000	-4.522165e-002	1.800637e+001	2.309307e-002	3.262052e-005
9.682626032439679e-002	2.717769e+001	5.652596e+000	-4.558177e-002	1.800631e+001	2.307710e-002	3.257092e-005
9.686397884543818e-002	2.716895e+001	5.668329e+000	-4.605079e-002	1.800622e+001	2.305521e-002	3.250647e-005
9.691975272498521e-002	2.715602e+001	5.689656e+000	-4.668868e-002	1.800609e+001	2.302289e-002	3.241910e-005
9.701666078202376e-002	2.713362e+001	5.720685e+000	-4.762303e-002	1.800587e+001	2.296683e-002	3.229200e-005
9.721047689610063e-002	2.708896e+001	5.766125e+000	-4.900971e-002	1.800542e+001	2.285505e-002	3.210587e-005
9.738647879339646e-002	2.704859e+001	5.787238e+000	-4.968130e-002	1.800502e+001	2.275391e-002	3.201937e-005
9.760774580546450e-002	2.699808e+001	5.783802e+000	-4.964872e-002	1.800451e+001	2.262733e-002	3.203339e-005
9.782539279171565e-002	2.694870e+001	5.745341e+000	-4.859070e-002	1.800401e+001	2.250346e-002	3.219087e-005
9.817842175143232e-002	2.686920e+001	5.614851e+000	-4.489714e-002	1.800322e+001	2.230384e-002	3.272523e-005
9.857842175143228e-002	2.677989e+001	5.383884e+000	-3.834231e-002	1.800232e+001	2.207936e-002	3.367075e-005
9.897842175143223e-002	2.669145e+001	5.069067e+000	-2.946475e-002	1.800143e+001	2.185680e-002	3.495892e-005
9.937842175143219e-002	2.660388e+001	4.684282e+000	-1.873581e-002	1.800055e+001	2.163625e-002	3.653291e-005
9.977842175143215e-002	2.651710e+001	4.253337e+000	-6.862045e-003	1.799967e+001	2.141751e-002	3.829537e-005
1.000000000000001e-001	2.646933e+001	4.001959e+000	7.845167e-016	1.799919e+001	2.129707e-002	3.932323e-005
