time	V(6)	V(10)	V(11)	V(vdd)	I(Rz)	Id(M1)
0.000000000000000e+000	2.648837e+001	4.291096e+000	-4.856824e-014	1.799938e+001	2.134567e-002	3.978670e-005
1.136061786199960e-006	2.648813e+001	4.161138e+000	3.553921e-003	1.799938e+001	2.134469e-002	3.997636e-005
3.408185358599880e-006	2.648764e+001	3.901656e+000	1.051476e-002	1.799937e+001	2.134271e-002	4.086509e-005
7.408185358492858e-006	2.648678e+001	3.454397e+000	2.208961e-002	1.799936e+001	2.133927e-002	4.265182e-005
1.140818535838584e-005	2.648592e+001	3.037311e+000	3.233268e-002	1.799934e+001	2.133590e-002	4.424991e-005
1.540818535827881e-005	2.648506e+001	2.677824e+000	4.054416e-002	1.799933e+001	2.133270e-002	4.554365e-005
1.940818535817179e-005	2.648420e+001	2.390841e+000	4.648967e-002	1.799932e+001	2.132971e-002	4.648675e-005
2.190668532908724e-005	2.648367e+001	2.258009e+000	4.885244e-002	1.799931e+001	2.132797e-002	4.686281e-005
2.361907793591023e-005	2.648330e+001	2.197320e+000	4.963362e-002	1.799931e+001	2.132687e-002	4.698696e-005
2.573798341942712e-005	2.648284e+001	2.154550e+000	4.974142e-002	1.799930e+001	2.132560e-002	4.700306e-005
2.770150593445209e-005	2.648242e+001	2.148248e+000	4.897896e-002	1.799930e+001	2.132452e-002	4.687984e-005
3.089077299733845e-005	2.648174e+001	2.205458e+000	4.603358e-002	1.799929e+001	2.132296e-002	4.640734e-005
3.489077299723142e-005	2.648088e+001	2.371535e+000	4.001302e-002	1.799928e+001	2.132127e-002	4.544751e-005
3.889077299712440e-005	2.648002e+001	2.636044e+000	3.163006e-002	1.799928e+001	2.131988e-002	4.412252e-005
4.289077299701738e-005	2.647916e+001	2.986228e+000	2.125966e-002	1.799928e+001	2.131873e-002	4.250228e-005
4.689077299691036e-005	2.647830e+001	3.397505e+000	9.553447e-003	1.799927e+001	2.131776e-002	4.069916e-005
5.089077299680334e-005	2.647744e+001	3.841802e+000	-2.753049e-003	1.799927e+001	2.131689e-002	3.883394e-005
5.489077299669631e-005	2.647659e+001	4.289906e+000	-1.488656e-002	1.799926e+001	2.131603e-002	3.702618e-005
5.889077299658929e-005	2.647573e+001	4.713667e+000	-2.608470e-002	1.799926e+001	2.131510e-002	3.538594e-005
6.289077299648227e-005	2.647487e+001	5.087809e+000	-3.564383e-002	1.799926e+001	2.131403e-002	3.400758e-005
6.689077299637525e-005	2.647401e+001	5.391196e+000	-4.296333e-002	1.799925e+001	2.131276e-002	3.296604e-005
7.089077299626823e-005	2.647315e+001	5.622864e+000	-4.804852e-002	1.799924e+001	2.131128e-002	3.224965e-005
7.245940180822252e-005	2.647281e+001	5.687059e+000	-4.922332e-002	1.799924e+001	2.131063e-002	3.208518e-005
7.430424001708680e-005	2.647242e+001	5.735228e+000	-4.977625e-002	1.799924e+001	2.130978e-002	3.200827e-005
7.624125967975459e-005	2.647200e+001	5.761473e+000	-4.963126e-002	1.799924e+001	2.130882e-002	3.202905e-005
7.852037574296311e-005	2.647152e+001	5.755483e+000	-4.838058e-002	1.799923e+001	2.130759e-002	3.220510e-005
8.221430049792922e-005	2.647072e+001	5.673603e+000	-4.430033e-002	1.799922e+001	2.130538e-002	3.278151e-005
8.621430049782219e-005	2.646987e+001	5.496936e+000	-3.749466e-002	1.799921e+001	2.130273e-002	3.375104e-005
9.021430049771517e-005	2.646901e+001	5.229446e+000	-2.838889e-002	1.799920e+001	2.129982e-002	3.506401e-005
9.421430049760815e-005	2.646815e+001	4.883166e+000	-1.749934e-002	1.799919e+001	2.129669e-002	3.665760e-005
9.821430049750113e-005	2.646729e+001	4.477351e+000	-5.510239e-003	1.799917e+001	2.129337e-002	3.844058e-005
1.022143004973941e-004	2.646643e+001	4.035855e+000	6.825087e-003	1.799916e+001	2.128995e-002	4.030492e-005
1.062143004972871e-004	2.646558e+001	3.586002e+000	1.873157e-002	1.799915e+001	2.128650e-002	4.213184e-005
1.102143004971801e-004	2.646472e+001	3.156909e+000	2.946108e-002	1.799913e+001	2.128311e-002	4.380002e-005
1.142143004970730e-004	2.646386e+001	2.777368e+000	3.833944e-002	1.799912e+001	2.127986e-002	4.519517e-005
1.182143004969660e-004	2.646301e+001	2.468573e+000	4.494812e-002	1.799911e+001	2.127681e-002	4.624165e-005
1.214556838078362e-004	2.646231e+001	2.278556e+000	4.851775e-002	1.799910e+001	2.127451e-002	4.680945e-005
1.230589032896745e-004	2.646197e+001	2.212170e+000	4.950865e-002	1.799909e+001	2.127345e-002	4.696718e-005
1.245877915301286e-004	2.646164e+001	2.171223e+000	4.985067e-002	1.799909e+001	2.127251e-002	4.702115e-005
1.263467607952595e-004	2.646126e+001	2.148020e+000	4.961877e-002	1.799909e+001	2.127149e-002	4.698300e-005
1.286919460641300e-004	2.646076e+001	2.158944e+000	4.823748e-002	1.799908e+001	2.127026e-002	4.676058e-005
1.324909157323084e-004	2.645995e+001	2.260459e+000	4.389969e-002	1.799907e+001	2.126850e-002	4.606628e-005
1.364909157322014e-004	2.645909e+001	2.465567e+000	3.693497e-002	1.799907e+001	2.126694e-002	4.495937e-005
1.404909157320944e-004	2.645823e+001	2.766977e+000	2.768593e-002	1.799906e+001	2.126565e-002	4.350374e-005
1.444909157319874e-004	2.645738e+001	3.144796e+000	1.669727e-002	1.799906e+001	2.126459e-002	4.179617e-005
1.484909157318803e-004	2.645652e+001	3.572766e+000	4.659466e-003	1.799905e+001	2.126367e-002	3.995357e-005
1.524909157317733e-004	2.645566e+001	4.022078e+000	-7.671110e-003	1.799905e+001	2.126282e-002	3.809736e-005
1.564909157316663e-004	2.645481e+001	4.463695e+000	-1.951968e-002	1.799905e+001	2.126195e-002	3.634417e-005
1.604909157315593e-004	2.645395e+001	4.870430e+000	-3.014176e-002	1.799904e+001	2.126098e-002	3.479840e-005
1.644909157314523e-004	2.645309e+001	5.218542e+000	-3.886992e-002	1.799904e+001	2.125984e-002	3.354696e-005
1.684909157313452e-004	2.645224e+001	5.494400e+000	-4.532745e-002	1.799903e+001	2.125850e-002	3.263206e-005
1.715608976684546e-004	2.645158e+001	5.651746e+000	-4.859835e-002	1.799903e+001	2.125731e-002	3.217253e-005
1.731896821732804e-004	2.645123e+001	5.709490e+000	-4.954680e-002	1.799903e+001	2.125661e-002	3.204004e-005
1.748201278362060e-004	2.645089e+001	5.746440e+000	-4.986715e-002	1.799902e+001	2.125585e-002	3.199564e-005
1.764331424440879e-004	2.645054e+001	5.763622e+000	-4.960778e-002	1.799902e+001	2.125504e-002	3.203234e-005
1.788323959877047e-004	2.645003e+001	5.751265e+000	-4.811583e-002	1.799902e+001	2.125372e-002	3.224235e-005
1.827171586081811e-004	2.644920e+001	5.655704e+000	-4.356236e-002	1.799901e+001	2.125138e-002	3.288612e-005
1.867171586080740e-004	2.644834e+001	5.468030e+000	-3.646890e-002	1.799899e+001	2.124870e-002	3.389798e-005
1.907171586079670e-004	2.644748e+001	5.189751e+000	-2.710475e-002	1.799898e+001	2.124577e-002	3.525057e-005
1.947171586078600e-004	2.644663e+001	4.834823e+000	-1.603750e-002	1.799897e+001	2.124261e-002	3.687336e-005
1.987171586077530e-004	2.644577e+001	4.423127e+000	-3.962563e-003	1.799896e+001	2.123929e-002	3.867279e-005
2.027171586076459e-004	2.644492e+001	3.979024e+000	8.361359e-003	1.799894e+001	2.123586e-002	4.053910e-005
2.067171586075389e-004	2.644406e+001	3.530166e+000	2.015991e-002	1.799893e+001	2.123242e-002	4.235267e-005
2.107171586074319e-004	2.644321e+001	3.105752e+000	3.069173e-002	1.799892e+001	2.122905e-002	4.399256e-005
2.147171586073249e-004	2.644235e+001	2.734373e+000	3.929508e-002	1.799890e+001	2.122583e-002	4.534602e-005
2.187171586072179e-004	2.644150e+001	2.434583e+000	4.562784e-002	1.799889e+001	2.122281e-002	4.634957e-005
2.216465969075987e-004	2.644087e+001	2.269520e+000	4.866287e-002	1.799888e+001	2.122075e-002	4.683247e-005
2.232961605452832e-004	2.644052e+001	2.204512e+000	4.959201e-002	1.799888e+001	2.121968e-002	4.698033e-005
2.248019779691468e-004	2.644020e+001	2.166205e+000	4.987552e-002	1.799887e+001	2.121875e-002	4.702495e-005
2.264263956703871e-004	2.643985e+001	2.146807e+000	4.960867e-002	1.799887e+001	2.121782e-002	4.698126e-005
2.288214271852773e-004	2.643934e+001	2.160816e+000	4.812547e-002	1.799887e+001	2.121657e-002	4.674253e-005
2.326994961809881e-004	2.643851e+001	2.268830e+000	4.358900e-002	1.799886e+001	2.121480e-002	4.601665e-005
2.366994961808810e-004	2.643765e+001	2.478881e+000	3.650555e-002	1.799885e+001	2.121325e-002	4.489135e-005
2.406994961807740e-004	2.643680e+001	2.784856e+000	2.715032e-002	1.799885e+001	2.121199e-002	4.341988e-005
2.446994961806670e-004	2.643595e+001	3.165971e+000	1.608913e-002	1.799884e+001	2.121094e-002	4.170230e-005
2.486994961805600e-004	2.643509e+001	3.595777e+000	4.017001e-003	1.799884e+001	2.121004e-002	3.985601e-005
2.526994961804530e-004	2.643424e+001	4.045396e+000	-8.307531e-003	1.799884e+001	2.120919e-002	3.800236e-005
2.566994961803459e-004	2.643338e+001	4.485842e+000	-2.011007e-002	1.799883e+001	2.120832e-002	3.625755e-005
2.606994961802389e-004	2.643253e+001	4.890071e+000	-3.064902e-002	1.799883e+001	2.120735e-002	3.472515e-005
2.646994961801319e-004	2.643167e+001	5.234555e+000	-3.926218e-002	1.799883e+001	2.120621e-002	3.349107e-005
2.686994961800249e-004	2.643082e+001	5.506726e+000	-4.560471e-002	1.799882e+001	2.120486e-002	3.259294e-005
2.716399172646433e-004	2.643019e+001	5.654843e+000	-4.865788e-002	1.799882e+001	2.120372e-002	3.216414e-005
2.732878627207391e-004	2.642984e+001	5.712350e+000	-4.958954e-002	1.799881e+001	2.120301e-002	3.203403e-005
2.747913052594253e-004	2.642952e+001	5.746084e+000	-4.987479e-002	1.799881e+001	2.120230e-002	3.199451e-005
2.764224282745253e-004	2.642917e+001	5.763350e+000	-4.960918e-002	1.799881e+001	2.120149e-002	3.203209e-005
2.788149769779036e-004	2.642866e+001	5.751362e+000	-4.813113e-002	1.799880e+001	2.120018e-002	3.224014e-005
2.826891092582162e-004	2.642784e+001	5.656588e+000	-4.360465e-002	1.799879e+001	2.119785e-002	3.288006e-005
2.866891092581092e-004	2.642698e+001	5.469525e+000	-3.652709e-002	1.799878e+001	2.119518e-002	3.388958e-005
2.906891092580022e-004	2.642613e+001	5.191841e+000	-2.717710e-002	1.799877e+001	2.119225e-002	3.523998e-005
2.946891092578952e-004	2.642527e+001	4.837389e+000	-1.611948e-002	1.799876e+001	2.118910e-002	3.686118e-005
2.986891092577881e-004	2.642442e+001	4.426012e+000	-4.049011e-003	1.799874e+001	2.118578e-002	3.865973e-005
3.026891092576811e-004	2.642357e+001	3.982044e+000	8.275872e-003	1.799873e+001	2.118237e-002	4.052598e-005
3.066891092575741e-004	2.642271e+001	3.533119e+000	2.008075e-002	1.799872e+001	2.117893e-002	4.234035e-005
3.106891092574671e-004	2.642186e+001	3.108433e+000	3.062388e-002	1.799870e+001	2.117556e-002	4.398185e-005
3.146891092573600e-004	2.642101e+001	2.736588e+000	3.924280e-002	1.799869e+001	2.117234e-002	4.533769e-005
3.186891092572530e-004	2.642016e+001	2.436289e+000	4.559108e-002	1.799868e+001	2.116933e-002	4.634365e-005
3.216359882716180e-004	2.641953e+001	2.269866e+000	4.865494e-002	1.799867e+001	2.116726e-002	4.683113e-005
3.232829817969574e-004	2.641918e+001	2.204782e+000	4.958753e-002	1.799866e+001	2.116619e-002	4.697954e-005
3.247918712676601e-004	2.641886e+001	2.166291e+000	4.987440e-002	1.799866e+001	2.116527e-002	4.702469e-005
3.264226386796576e-004	2.641851e+001	2.146714e+000	4.960915e-002	1.799866e+001	2.116434e-002	4.698126e-005
3.288153190568188e-004	2.641800e+001	2.160575e+000	4.813084e-002	1.799865e+001	2.116309e-002	4.674331e-005
3.326896601256735e-004	2.641717e+001	2.268279e+000	4.360382e-002	1.799865e+001	2.116132e-002	4.601893e-005
3.366896601255665e-004	2.641632e+001	2.478097e+000	3.652595e-002	1.799864e+001	2.115978e-002	4.489450e-005
3.406896601254594e-004	2.641547e+001	2.783858e+000	2.717568e-002	1.799863e+001	2.115852e-002	4.342378e-005
3.446896601253524e-004	2.641461e+001	3.164818e+000	1.611787e-002	1.799863e+001	2.115748e-002	4.170667e-005
3.486896601252454e-004	2.641376e+001	3.594539e+000	4.047314e-003	1.799863e+001	2.115658e-002	3.986054e-005
3.526896601251384e-004	2.641291e+001	4.044144e+000	-8.277550e-003	1.799862e+001	2.115574e-002	3.800676e-005
3.566896601250313e-004	2.641206e+001	4.484646e+000	-2.008231e-002	1.799862e+001	2.115487e-002	3.626156e-005
3.606896601249243e-004	2.641121e+001	4.888995e+000	-3.062522e-002	1.799862e+001	2.115391e-002	3.472852e-005
3.646896601248173e-004	2.641035e+001	5.233651e+000	-3.924383e-002	1.799861e+001	2.115277e-002	3.349362e-005
3.686896601247103e-004	2.640950e+001	5.505996e+000	-4.559181e-002	1.799861e+001	2.115143e-002	3.259470e-005
3.716361966599191e-004	2.640887e+001	5.654543e+000	-4.865510e-002	1.799860e+001	2.115029e-002	3.216448e-005
3.732832406764253e-004	2.640853e+001	5.712064e+000	-4.958763e-002	1.799860e+001	2.114958e-002	3.203424e-005
3.747918412460027e-004	2.640820e+001	5.745933e+000	-4.987442e-002	1.799860e+001	2.114888e-002	3.199450e-005
3.764226275195792e-004	2.640786e+001	5.763205e+000	-4.960916e-002	1.799859e+001	2.114806e-002	3.203203e-005
3.788153009127715e-004	2.640735e+001	5.751210e+000	-4.813085e-002	1.799859e+001	2.114676e-002	3.224012e-005
3.826896309073735e-004	2.640652e+001	5.656421e+000	-4.360386e-002	1.799858e+001	2.114443e-002	3.288011e-005
3.866896309072665e-004	2.640567e+001	5.469347e+000	-3.652601e-002	1.799857e+001	2.114177e-002	3.388967e-005
3.906896309071595e-004	2.640482e+001	5.191653e+000	-2.717576e-002	1.799856e+001	2.113885e-002	3.524011e-005
3.946896309070525e-004	2.640397e+001	4.837193e+000	-1.611796e-002	1.799854e+001	2.113570e-002	3.686134e-005
3.986896309069454e-004	2.640312e+001	4.425810e+000	-4.047404e-003	1.799853e+001	2.113239e-002	3.865991e-005
4.026896309068384e-004	2.640227e+001	3.981840e+000	8.277462e-003	1.799852e+001	2.112898e-002	4.052615e-005
4.066896309067314e-004	2.640141e+001	3.532917e+000	2.008222e-002	1.799850e+001	2.112555e-002	4.234050e-005
4.106896309066244e-004	2.640056e+001	3.108237e+000	3.062515e-002	1.799849e+001	2.112219e-002	4.398197e-005
4.146896309065173e-004	2.639971e+001	2.736402e+000	3.924378e-002	1.799848e+001	2.111897e-002	4.533776e-005
4.186896309064103e-004	2.639886e+001	2.436113e+000	4.559176e-002	1.799846e+001	2.111596e-002	4.634367e-005
4.216361856070883e-004	2.639824e+001	2.269716e+000	4.865509e-002	1.799846e+001	2.111390e-002	4.683107e-005
4.232832269455145e-004	2.639789e+001	2.204632e+000	4.958763e-002	1.799845e+001	2.111283e-002	4.697947e-005
4.247918428383901e-004	2.639757e+001	2.166149e+000	4.987442e-002	1.799845e+001	2.111191e-002	4.702461e-005
4.264226281116557e-004	2.639722e+001	2.146573e+000	4.960916e-002	1.799844e+001	2.111098e-002	4.698118e-005
4.288153018752183e-004	2.639671e+001	2.160434e+000	4.813085e-002	1.799844e+001	2.110974e-002	4.674323e-005
4.326896324573504e-004	2.639589e+001	2.268136e+000	4.360386e-002	1.799843e+001	2.110797e-002	4.601886e-005
4.366896324572434e-004	2.639503e+001	2.477953e+000	3.652600e-002	1.799842e+001	2.110644e-002	4.489443e-005
4.406896324571363e-004	2.639419e+001	2.783713e+000	2.717575e-002	1.799842e+001	2.110518e-002	4.342372e-005
4.446896324570293e-004	2.639334e+001	3.164672e+000	1.611795e-002	1.799842e+001	2.110415e-002	4.170661e-005
4.486896324569223e-004	2.639248e+001	3.594392e+000	4.047398e-003	1.799841e+001	2.110325e-002	3.986048e-005
4.526896324568153e-004	2.639163e+001	4.043996e+000	-8.277467e-003	1.799841e+001	2.110242e-002	3.800671e-005
4.566896324567082e-004	2.639079e+001	4.484498e+000	-2.008223e-002	1.799841e+001	2.110156e-002	3.626150e-005
4.606896324566012e-004	2.638993e+001	4.888846e+000	-3.062515e-002	1.799840e+001	2.110060e-002	3.472847e-005
4.646896324564942e-004	2.638909e+001	5.233502e+000	-3.924378e-002	1.799840e+001	2.109947e-002	3.349356e-005
4.686896324563872e-004	2.638824e+001	5.505848e+000	-4.559177e-002	1.799839e+001	2.109813e-002	3.259465e-005
4.716361861933915e-004	2.638761e+001	5.654397e+000	-4.865509e-002	1.799839e+001	2.109700e-002	3.216442e-005
4.732832276739263e-004	2.638726e+001	5.711917e+000	-4.958763e-002	1.799838e+001	2.109629e-002	3.203419e-005
4.747918427538966e-004	2.638694e+001	5.745786e+000	-4.987442e-002	1.799838e+001	2.109559e-002	3.199444e-005
4.764226280802308e-004	2.638659e+001	5.763058e+000	-4.960916e-002	1.799838e+001	2.109477e-002	3.203197e-005
4.788153018242536e-004	2.638609e+001	5.751063e+000	-4.813085e-002	1.799837e+001	2.109347e-002	3.224006e-005
4.826896323752994e-004	2.638526e+001	5.656275e+000	-4.360386e-002	1.799837e+001	2.109115e-002	3.288006e-005
4.866896323751924e-004	2.638441e+001	5.469202e+000	-3.652600e-002	1.799835e+001	2.108850e-002	3.388961e-005
4.906896323750853e-004	2.638356e+001	5.191508e+000	-2.717575e-002	1.799834e+001	2.108558e-002	3.524005e-005
4.946896323749783e-004	2.638272e+001	4.837048e+000	-1.611795e-002	1.799833e+001	2.108244e-002	3.686127e-005
4.986896323748713e-004	2.638187e+001	4.425666e+000	-4.047399e-003	1.799832e+001	2.107913e-002	3.865984e-005
5.026896323747643e-004	2.638102e+001	3.981697e+000	8.277467e-003	1.799830e+001	2.107573e-002	4.052608e-005
5.066896323746573e-004	2.638017e+001	3.532775e+000	2.008223e-002	1.799829e+001	2.107230e-002	4.234042e-005
5.106896323745502e-004	2.637932e+001	3.108095e+000	3.062515e-002	1.799828e+001	2.106894e-002	4.398189e-005
5.146896323744432e-004	2.637847e+001	2.736260e+000	3.924378e-002	1.799826e+001	2.106573e-002	4.533768e-005
5.186896323743362e-004	2.637762e+001	2.435972e+000	4.559177e-002	1.799825e+001	2.106273e-002	4.634359e-005
5.216361861621888e-004	2.637700e+001	2.269575e+000	4.865509e-002	1.799824e+001	2.106067e-002	4.683099e-005
5.232832276349519e-004	2.637665e+001	2.204491e+000	4.958763e-002	1.799824e+001	2.105960e-002	4.697939e-005
5.247918427584430e-004	2.637633e+001	2.166009e+000	4.987442e-002	1.799823e+001	2.105869e-002	4.702453e-005
5.264226280818907e-004	2.637598e+001	2.146432e+000	4.960916e-002	1.799823e+001	2.105776e-002	4.698110e-005
5.288153018268016e-004	2.637547e+001	2.160293e+000	4.813085e-002	1.799823e+001	2.105652e-002	4.674315e-005
5.326896323794017e-004	2.637465e+001	2.267995e+000	4.360386e-002	1.799822e+001	2.105476e-002	4.601878e-005
5.366896323792947e-004	2.637380e+001	2.477812e+000	3.652600e-002	1.799821e+001	2.105323e-002	4.489435e-005
5.406896323791877e-004	2.637296e+001	2.783571e+000	2.717575e-002	1.799821e+001	2.105198e-002	4.342364e-005
5.446896323790806e-004	2.637211e+001	3.164530e+000	1.611795e-002	1.799820e+001	2.105095e-002	4.170653e-005
5.486896323789736e-004	2.637126e+001	3.594249e+000	4.047399e-003	1.799820e+001	2.105006e-002	3.986041e-005
5.526896323788666e-004	2.637041e+001	4.043853e+000	-8.277467e-003	1.799820e+001	2.104923e-002	3.800664e-005
5.566896323787596e-004	2.636956e+001	4.484354e+000	-2.008223e-002	1.799819e+001	2.104838e-002	3.626144e-005
5.606896323786526e-004	2.636872e+001	4.888701e+000	-3.062515e-002	1.799819e+001	2.104742e-002	3.472841e-005
5.646896323785455e-004	2.636787e+001	5.233357e+000	-3.924378e-002	1.799819e+001	2.104630e-002	3.349350e-005
5.686896323784385e-004	2.636702e+001	5.505702e+000	-4.559177e-002	1.799818e+001	2.104496e-002	3.259458e-005
5.716361861638486e-004	2.636640e+001	5.654251e+000	-4.865509e-002	1.799817e+001	2.104383e-002	3.216436e-005
5.732832276370559e-004	2.636605e+001	5.711771e+000	-4.958763e-002	1.799817e+001	2.104313e-002	3.203412e-005
5.747918427581045e-004	2.636573e+001	5.745640e+000	-4.987442e-002	1.799817e+001	2.104243e-002	3.199438e-005
5.764226280817741e-004	2.636538e+001	5.762912e+000	-4.960916e-002	1.799817e+001	2.104162e-002	3.203191e-005
5.788153018266851e-004	2.636488e+001	5.750917e+000	-4.813085e-002	1.799816e+001	2.104032e-002	3.224000e-005
5.826896323792852e-004	2.636406e+001	5.656129e+000	-4.360386e-002	1.799815e+001	2.103801e-002	3.287999e-005
5.866896323791782e-004	2.636321e+001	5.469056e+000	-3.652600e-002	1.799814e+001	2.103536e-002	3.388955e-005
5.906896323790711e-004	2.636236e+001	5.191363e+000	-2.717575e-002	1.799813e+001	2.103245e-002	3.523998e-005
5.946896323789641e-004	2.636152e+001	4.836904e+000	-1.611795e-002	1.799812e+001	2.102931e-002	3.686120e-005
5.986896323788571e-004	2.636067e+001	4.425523e+000	-4.047399e-003	1.799810e+001	2.102601e-002	3.865976e-005
6.026896323787501e-004	2.635982e+001	3.981554e+000	8.277467e-003	1.799809e+001	2.102261e-002	4.052600e-005
6.066896323786430e-004	2.635897e+001	3.532633e+000	2.008223e-002	1.799808e+001	2.101919e-002	4.234034e-005
6.106896323785360e-004	2.635813e+001	3.107954e+000	3.062515e-002	1.799806e+001	2.101583e-002	4.398181e-005
6.146896323784290e-004	2.635728e+001	2.736120e+000	3.924378e-002	1.799805e+001	2.101263e-002	4.533759e-005
6.186896323783220e-004	2.635644e+001	2.435832e+000	4.559177e-002	1.799804e+001	2.100963e-002	4.634351e-005
6.216361861637321e-004	2.635581e+001	2.269435e+000	4.865509e-002	1.799803e+001	2.100758e-002	4.683090e-005
6.232832276369393e-004	2.635546e+001	2.204351e+000	4.958763e-002	1.799803e+001	2.100651e-002	4.697930e-005
6.247918427579879e-004	2.635514e+001	2.165869e+000	4.987442e-002	1.799802e+001	2.100560e-002	4.702444e-005
6.264226280816576e-004	2.635480e+001	2.146293e+000	4.960916e-002	1.799802e+001	2.100467e-002	4.698101e-005
6.288153018265685e-004	2.635429e+001	2.160153e+000	4.813085e-002	1.799801e+001	2.100343e-002	4.674307e-005
6.326896323789466e-004	2.635347e+001	2.267855e+000	4.360386e-002	1.799801e+001	2.100168e-002	4.601870e-005
6.366896323788396e-004	2.635263e+001	2.477671e+000	3.652600e-002	1.799800e+001	2.100015e-002	4.489427e-005
6.406896323787326e-004	2.635178e+001	2.783430e+000	2.717575e-002	1.799800e+001	2.099891e-002	4.342356e-005
6.446896323786255e-004	2.635093e+001	3.164388e+000	1.611795e-002	1.799799e+001	2.099788e-002	4.170646e-005
6.486896323785185e-004	2.635009e+001	3.594106e+000	4.047399e-003	1.799799e+001	2.099700e-002	3.986034e-005
6.526896323784115e-004	2.634924e+001	4.043710e+000	-8.277467e-003	1.799798e+001	2.099618e-002	3.800658e-005
6.566896323783045e-004	2.634840e+001	4.484210e+000	-2.008223e-002	1.799798e+001	2.099533e-002	3.626137e-005
6.606896323781974e-004	2.634755e+001	4.888557e+000	-3.062515e-002	1.799798e+001	2.099438e-002	3.472834e-005
6.646896323780904e-004	2.634671e+001	5.233213e+000	-3.924378e-002	1.799797e+001	2.099326e-002	3.349344e-005
6.686896323779834e-004	2.634586e+001	5.505557e+000	-4.559177e-002	1.799797e+001	2.099193e-002	3.259452e-005
6.716361861636155e-004	2.634524e+001	5.654106e+000	-4.865509e-002	1.799796e+001	2.099081e-002	3.216429e-005
6.732832276368228e-004	2.634489e+001	5.711626e+000	-4.958763e-002	1.799796e+001	2.099010e-002	3.203406e-005
6.747918427583155e-004	2.634457e+001	5.745495e+000	-4.987442e-002	1.799796e+001	2.098941e-002	3.199432e-005
6.764226280817631e-004	2.634423e+001	5.762767e+000	-4.960916e-002	1.799796e+001	2.098860e-002	3.203185e-005
6.788153018266740e-004	2.634372e+001	5.750772e+000	-4.813085e-002	1.799795e+001	2.098730e-002	3.223994e-005
6.826896323790521e-004	2.634290e+001	5.655984e+000	-4.360386e-002	1.799794e+001	2.098499e-002	3.287993e-005
6.866896323789451e-004	2.634206e+001	5.468912e+000	-3.652600e-002	1.799793e+001	2.098235e-002	3.388948e-005
6.906896323788381e-004	2.634121e+001	5.191219e+000	-2.717575e-002	1.799792e+001	2.097944e-002	3.523991e-005
6.946896323787311e-004	2.634037e+001	4.836760e+000	-1.611795e-002	1.799791e+001	2.097631e-002	3.686113e-005
6.986896323786240e-004	2.633952e+001	4.425380e+000	-4.047399e-003	1.799789e+001	2.097301e-002	3.865969e-005
7.026896323785170e-004	2.633868e+001	3.981413e+000	8.277467e-003	1.799788e+001	2.096962e-002	4.052592e-005
7.066896323784100e-004	2.633784e+001	3.532492e+000	2.008223e-002	1.799787e+001	2.096620e-002	4.234026e-005
7.106896323783030e-004	2.633699e+001	3.107814e+000	3.062515e-002	1.799785e+001	2.096286e-002	4.398173e-005
7.146896323781959e-004	2.633615e+001	2.735981e+000	3.924378e-002	1.799784e+001	2.095966e-002	4.533750e-005
7.186896323780889e-004	2.633530e+001	2.435693e+000	4.559177e-002	1.799783e+001	2.095666e-002	4.634342e-005
7.216361861637211e-004	2.633468e+001	2.269297e+000	4.865509e-002	1.799782e+001	2.095462e-002	4.683082e-005
7.232832276369283e-004	2.633433e+001	2.204213e+000	4.958763e-002	1.799781e+001	2.095355e-002	4.697922e-005
7.247918427581990e-004	2.633401e+001	2.165731e+000	4.987442e-002	1.799781e+001	2.095264e-002	4.702435e-005
7.264226280818686e-004	2.633367e+001	2.146154e+000	4.960916e-002	1.799781e+001	2.095171e-002	4.698093e-005
7.288153018267796e-004	2.633316e+001	2.160014e+000	4.813085e-002	1.799780e+001	2.095048e-002	4.674298e-005
7.326896323793797e-004	2.633235e+001	2.267716e+000	4.360386e-002	1.799780e+001	2.094873e-002	4.601861e-005
7.366896323792727e-004	2.633150e+001	2.477531e+000	3.652600e-002	1.799779e+001	2.094721e-002	4.489419e-005
7.406896323791656e-004	2.633066e+001	2.783290e+000	2.717575e-002	1.799778e+001	2.094597e-002	4.342348e-005
7.446896323790586e-004	2.632981e+001	3.164248e+000	1.611795e-002	1.799778e+001	2.094495e-002	4.170638e-005
7.486896323789516e-004	2.632897e+001	3.593965e+000	4.047399e-003	1.799778e+001	2.094407e-002	3.986026e-005
7.526896323788446e-004	2.632813e+001	4.043568e+000	-8.277467e-003	1.799777e+001	2.094325e-002	3.800650e-005
7.566896323787375e-004	2.632728e+001	4.484068e+000	-2.008223e-002	1.799777e+001	2.094241e-002	3.626130e-005
7.606896323786305e-004	2.632644e+001	4.888414e+000	-3.062515e-002	1.799777e+001	2.094147e-002	3.472827e-005
7.646896323785235e-004	2.632560e+001	5.233069e+000	-3.924378e-002	1.799776e+001	2.094035e-002	3.349337e-005
7.686896323784165e-004	2.632475e+001	5.505413e+000	-4.559177e-002	1.799776e+001	2.093903e-002	3.259446e-005
7.716361861638266e-004	2.632413e+001	5.653961e+000	-4.865509e-002	1.799775e+001	2.093791e-002	3.216423e-005
7.732832276372559e-004	2.632379e+001	5.711482e+000	-4.958763e-002	1.799775e+001	2.093721e-002	3.203400e-005
7.747918427580824e-004	2.632347e+001	5.745351e+000	-4.987442e-002	1.799775e+001	2.093652e-002	3.199426e-005
7.764226280817521e-004	2.632312e+001	5.762623e+000	-4.960916e-002	1.799774e+001	2.093571e-002	3.203178e-005
7.788153018266630e-004	2.632262e+001	5.750628e+000	-4.813085e-002	1.799774e+001	2.093442e-002	3.223988e-005
7.826896323792631e-004	2.632180e+001	5.655840e+000	-4.360386e-002	1.799773e+001	2.093211e-002	3.287986e-005
7.866896323791561e-004	2.632096e+001	5.468768e+000	-3.652600e-002	1.799772e+001	2.092947e-002	3.388941e-005
7.906896323790491e-004	2.632012e+001	5.191076e+000	-2.717575e-002	1.799771e+001	2.092657e-002	3.523985e-005
7.946896323789421e-004	2.631927e+001	4.836618e+000	-1.611795e-002	1.799769e+001	2.092345e-002	3.686106e-005
7.986896323788351e-004	2.631843e+001	4.425239e+000	-4.047399e-003	1.799768e+001	2.092015e-002	3.865961e-005
8.026896323787280e-004	2.631759e+001	3.981272e+000	8.277467e-003	1.799767e+001	2.091676e-002	4.052584e-005
8.066896323786210e-004	2.631675e+001	3.532352e+000	2.008223e-002	1.799765e+001	2.091336e-002	4.234018e-005
8.106896323785140e-004	2.631590e+001	3.107675e+000	3.062515e-002	1.799764e+001	2.091001e-002	4.398164e-005
8.146896323784070e-004	2.631506e+001	2.735842e+000	3.924378e-002	1.799763e+001	2.090682e-002	4.533742e-005
8.186896323783000e-004	2.631422e+001	2.435555e+000	4.559177e-002	1.799762e+001	2.090383e-002	4.634333e-005
8.216361861639321e-004	2.631360e+001	2.269159e+000	4.865509e-002	1.799761e+001	2.090179e-002	4.683073e-005
8.232832276371394e-004	2.631325e+001	2.204075e+000	4.958763e-002	1.799760e+001	2.090072e-002	4.697913e-005
8.247918427581880e-004	2.631293e+001	2.165593e+000	4.987442e-002	1.799760e+001	2.089981e-002	4.702426e-005
8.264226280818576e-004	2.631259e+001	2.146016e+000	4.960916e-002	1.799759e+001	2.089889e-002	4.698084e-005
8.288153018267686e-004	2.631209e+001	2.159877e+000	4.813085e-002	1.799759e+001	2.089766e-002	4.674289e-005
8.326896323793687e-004	2.631127e+001	2.267578e+000	4.360386e-002	1.799758e+001	2.089592e-002	4.601853e-005
8.366896323792616e-004	2.631043e+001	2.477393e+000	3.652600e-002	1.799758e+001	2.089440e-002	4.489411e-005
8.406896323791546e-004	2.630959e+001	2.783151e+000	2.717575e-002	1.799757e+001	2.089317e-002	4.342340e-005
8.446896323790476e-004	2.630875e+001	3.164108e+000	1.611795e-002	1.799757e+001	2.089215e-002	4.170630e-005
8.486896323789406e-004	2.630791e+001	3.593825e+000	4.047399e-003	1.799756e+001	2.089128e-002	3.986018e-005
8.526896323788336e-004	2.630706e+001	4.043427e+000	-8.277467e-003	1.799756e+001	2.089047e-002	3.800643e-005
8.566896323787265e-004	2.630622e+001	4.483926e+000	-2.008223e-002	1.799756e+001	2.088963e-002	3.626123e-005
8.606896323786195e-004	2.630538e+001	4.888272e+000	-3.062515e-002	1.799755e+001	2.088869e-002	3.472820e-005
8.646896323785125e-004	2.630454e+001	5.232926e+000	-3.924378e-002	1.799755e+001	2.088758e-002	3.349331e-005
8.686896323784055e-004	2.630370e+001	5.505270e+000	-4.559177e-002	1.799755e+001	2.088626e-002	3.259439e-005
8.716361861638156e-004	2.630308e+001	5.653818e+000	-4.865509e-002	1.799754e+001	2.088515e-002	3.216416e-005
8.732832276370228e-004	2.630273e+001	5.711339e+000	-4.958763e-002	1.799754e+001	2.088445e-002	3.203393e-005
8.747918427582935e-004	2.630242e+001	5.745208e+000	-4.987442e-002	1.799754e+001	2.088376e-002	3.199419e-005
8.764226280819631e-004	2.630207e+001	5.762479e+000	-4.960916e-002	1.799753e+001	2.088295e-002	3.203172e-005
8.788153018268741e-004	2.630157e+001	5.750485e+000	-4.813085e-002	1.799753e+001	2.088166e-002	3.223981e-005
8.826896323794742e-004	2.630076e+001	5.655697e+000	-4.360386e-002	1.799752e+001	2.087936e-002	3.287979e-005
8.866896323793672e-004	2.629992e+001	5.468626e+000	-3.652600e-002	1.799751e+001	2.087673e-002	3.388934e-005
8.906896323792601e-004	2.629907e+001	5.190934e+000	-2.717575e-002	1.799750e+001	2.087383e-002	3.523977e-005
8.946896323791531e-004	2.629823e+001	4.836476e+000	-1.611795e-002	1.799748e+001	2.087071e-002	3.686098e-005
8.986896323790461e-004	2.629739e+001	4.425098e+000	-4.047399e-003	1.799747e+001	2.086743e-002	3.865953e-005
9.026896323789391e-004	2.629655e+001	3.981132e+000	8.277467e-003	1.799746e+001	2.086404e-002	4.052576e-005
9.066896323788320e-004	2.629571e+001	3.532213e+000	2.008223e-002	1.799744e+001	2.086064e-002	4.234009e-005
9.106896323787250e-004	2.629487e+001	3.107537e+000	3.062515e-002	1.799743e+001	2.085730e-002	4.398156e-005
9.146896323786180e-004	2.629403e+001	2.735704e+000	3.924378e-002	1.799742e+001	2.085411e-002	4.533733e-005
9.186896323785110e-004	2.629319e+001	2.435417e+000	4.559177e-002	1.799740e+001	2.085113e-002	4.634324e-005
9.216361861639211e-004	2.629257e+001	2.269022e+000	4.865509e-002	1.799740e+001	2.084909e-002	4.683063e-005
9.232832276371283e-004	2.629223e+001	2.203938e+000	4.958763e-002	1.799739e+001	2.084803e-002	4.697903e-005
9.247918427581769e-004	2.629191e+001	2.165456e+000	4.987442e-002	1.799739e+001	2.084712e-002	4.702417e-005
9.264226280818466e-004	2.629157e+001	2.145880e+000	4.960916e-002	1.799739e+001	2.084620e-002	4.698075e-005
9.288153018267575e-004	2.629107e+001	2.159740e+000	4.813085e-002	1.799738e+001	2.084497e-002	4.674280e-005
9.326896323793577e-004	2.629025e+001	2.267440e+000	4.360386e-002	1.799737e+001	2.084323e-002	4.601844e-005
9.366896323792506e-004	2.628941e+001	2.477255e+000	3.652600e-002	1.799737e+001	2.084173e-002	4.489402e-005
9.406896323791436e-004	2.628857e+001	2.783013e+000	2.717575e-002	1.799736e+001	2.084050e-002	4.342331e-005
9.446896323790366e-004	2.628773e+001	3.163969e+000	1.611795e-002	1.799736e+001	2.083949e-002	4.170622e-005
9.486896323789296e-004	2.628689e+001	3.593685e+000	4.047399e-003	1.799735e+001	2.083862e-002	3.986010e-005
9.526896323788225e-004	2.628605e+001	4.043287e+000	-8.277467e-003	1.799735e+001	2.083781e-002	3.800635e-005
9.566896323787155e-004	2.628522e+001	4.483786e+000	-2.008223e-002	1.799735e+001	2.083698e-002	3.626116e-005
9.606896323786085e-004	2.628438e+001	4.888130e+000	-3.062515e-002	1.799734e+001	2.083604e-002	3.472813e-005
9.646896323785015e-004	2.628354e+001	5.232784e+000	-3.924378e-002	1.799734e+001	2.083494e-002	3.349324e-005
9.686896323783945e-004	2.628270e+001	5.505128e+000	-4.559177e-002	1.799734e+001	2.083363e-002	3.259432e-005
9.716361861638045e-004	2.628208e+001	5.653676e+000	-4.865509e-002	1.799733e+001	2.083251e-002	3.216410e-005
9.732832276370118e-004	2.628173e+001	5.711196e+000	-4.958763e-002	1.799733e+001	2.083182e-002	3.203387e-005
9.747918427580604e-004	2.628142e+001	5.745065e+000	-4.987442e-002	1.799732e+001	2.083113e-002	3.199412e-005
9.764226280817301e-004	2.628107e+001	5.762337e+000	-4.960916e-002	1.799732e+001	2.083033e-002	3.203165e-005
9.788153018266410e-004	2.628057e+001	5.750342e+000	-4.813085e-002	1.799732e+001	2.082904e-002	3.223974e-005
9.826896323790191e-004	2.627976e+001	5.655555e+000	-4.360386e-002	1.799731e+001	2.082675e-002	3.287973e-005
9.866896323789121e-004	2.627892e+001	5.468484e+000	-3.652600e-002	1.799730e+001	2.082412e-002	3.388927e-005
9.906896323788050e-004	2.627808e+001	5.190793e+000	-2.717575e-002	1.799729e+001	2.082123e-002	3.523970e-005
9.946896323786980e-004	2.627724e+001	4.836336e+000	-1.611795e-002	1.799727e+001	2.081811e-002	3.686090e-005
9.986896323785910e-004	2.627641e+001	4.429893e+000	-4.076337e-003	1.799726e+001	2.081485e-002	3.864974e-005
1.000000000000112e-003	2.627613e+001	4.287437e+000	2.817117e-013	1.799726e+001	2.081375e-002	3.926156e-005
